89 121 213
121 89 213
213 89 121
74 191 260
191 74 260
260 74 191
79 205 225
205 79 225
225 79 205
216 39 231
39 216 231
231 39 216
45 192 230
192 45 230
230 45 192
10 23 162
23 10 162
162 10 23
262 202 285
202 262 285
285 202 262
83 56 126
126 56 83
56 83 126
289 27 187
27 187 289
187 27 289
90 240 257
240 90 257
257 90 240
127 5 204
204 5 127
5 127 204
226 84 112
112 84 226
84 112 226
264 167 244
244 167 264
167 244 264
157 48 155
48 155 157
155 48 157
87 158 170
158 87 170
170 87 158
3 85 173
85 3 173
173 3 85
34 78 250
78 34 250
250 34 78
150 145 149
145 149 150
149 145 150
148 71 107
107 71 148
71 107 148
208 109 184
109 184 208
184 109 208
206 92 224
224 92 206
92 206 224
118 273 293
273 118 293
293 118 273
294 169 186
169 186 294
186 169 294
246 17 245
17 245 246
245 17 246
164 69 180
69 164 180
180 69 164
103 117 159
117 103 159
159 103 117
181 102 249
102 181 249
249 102 181
291 43 222
222 43 291
43 222 291
193 255 292
255 193 292
292 193 255
96 42 136
42 96 136
136 42 96
209 68 91
68 91 209
91 68 209
188 125 142
142 125 188
125 142 188
153 156 174
156 153 174
174 153 156
195 12 140
12 140 195
140 12 195
86 51 139
51 86 139
139 51 86
2 81 296
296 2 81
81 2 296
99 214 243
243 99 214
214 99 243
280 8 18
18 8 280
8 18 280
143 119 154
154 119 143
119 143 154
144 171 234
234 144 171
171 144 234
271 151 277
277 151 271
151 271 277
72 21 24
24 21 72
21 24 72
47 53 73
73 47 53
53 47 73
221 172 261
261 172 221
172 221 261
278 63 130
63 130 278
130 63 278
137 265 281
281 137 265
265 137 281
94 241 279
241 94 279
279 94 241
80 177 238
177 80 238
238 80 177
198 252 253
252 198 253
253 198 252
146 115 232
115 146 232
232 115 146
288 276 284
284 276 288
276 284 288
95 201 287
287 95 201
201 95 287
182 124 199
199 124 182
124 182 199
247 176 229
229 176 247
176 229 247
183 113 233
233 113 183
113 183 233
196 58 100
58 100 196
100 58 196
9 29 44
29 9 44
44 9 29
54 46 166
166 46 54
46 54 166
60 4 203
4 60 203
203 4 60
194 61 190
61 190 194
190 61 194
282 104 267
267 104 282
104 267 282
248 20 237
237 20 248
20 237 248
254 7 268
7 254 268
268 7 254
122 50 259
50 122 259
259 50 122
220 1 114
1 114 220
114 1 220
82 129 168
129 82 168
168 82 129
266 120 141
141 120 266
120 141 266
128 178 185
185 128 178
178 128 185
160 101 286
101 160 286
286 101 160
228 40 236
40 228 236
236 40 228
111 37 269
269 37 111
37 111 269
134 15 215
215 15 134
15 134 215
163 52 123
123 52 163
52 123 163
57 30 31
30 31 57
31 30 57
25 41 270
41 25 270
270 25 41
135 138 219
219 135 138
138 135 219
297 207 274
207 274 297
274 207 297
35 70 161
70 35 161
161 35 70
217 147 251
147 217 251
251 147 217
59 189 223
189 59 223
223 59 189
75 110 227
227 75 110
110 75 227
49 26 132
132 26 49
26 49 132
106 16 283
283 16 106
16 106 283
200 116 299
299 116 200
116 200 299
64 14 242
242 14 64
14 64 242
93 77 272
272 77 93
77 93 272
239 105 235
105 235 239
235 105 239
210 22 212
22 210 212
212 22 210
33 65 175
65 33 175
175 33 65
300 152 290
290 152 300
152 290 300
28 66 108
66 28 108
108 28 66
258 67 98
98 67 258
67 98 258
36 13 179
179 13 36
13 36 179
88 76 256
256 76 88
76 88 256
131 38 133
133 38 131
38 131 133
165 19 55
19 55 165
55 19 165
97 32 295
295 32 97
32 97 295
263 197 211
211 197 263
197 211 263
11 62 298
62 11 298
298 11 62
6 218 275
218 6 275
275 6 218
