200 193 299
193 200 299
299 193 200
205 126 242
242 126 205
126 205 242
88 129 203
129 88 203
203 88 129
163 199 202
199 163 202
202 163 199
141 53 100
53 100 141
100 53 141
182 189 296
296 182 189
189 182 296
35 104 180
104 35 180
180 35 104
222 45 206
206 45 222
45 206 222
181 207 284
284 181 207
207 181 284
169 71 109
71 109 169
109 71 169
7 27 297
27 7 297
297 7 27
62 161 174
174 62 161
161 62 174
86 18 238
238 18 86
18 86 238
65 17 143
143 17 65
17 65 143
209 178 243
243 178 209
178 209 243
138 72 74
74 72 138
72 74 138
208 22 55
55 22 208
22 55 208
66 32 56
32 56 66
56 32 66
269 58 85
58 85 269
85 58 269
93 214 277
214 93 277
277 93 214
92 249 252
249 92 252
252 92 249
119 44 274
274 44 119
44 119 274
54 156 166
166 54 156
156 54 166
73 144 290
144 73 290
290 73 144
8 121 226
226 8 121
121 8 226
183 60 68
60 68 183
68 60 183
298 31 289
289 31 298
31 289 298
84 171 188
171 84 188
188 84 171
10 70 110
70 10 110
110 10 70
176 239 278
239 176 278
278 176 239
26 140 158
158 26 140
140 26 158
23 42 162
162 23 42
42 23 162
231 150 173
173 150 231
150 173 231
217 49 283
283 49 217
49 217 283
256 132 288
132 256 288
288 132 256
67 15 75
75 15 67
15 67 75
272 59 130
130 59 272
59 130 272
152 76 229
76 152 229
229 76 152
79 267 300
267 79 300
300 79 267
11 14 259
14 11 259
259 11 14
241 250 262
262 241 250
250 241 262
264 160 228
160 228 264
228 160 264
168 234 247
247 168 234
234 168 247
124 12 293
12 124 293
293 12 124
257 52 113
52 113 257
113 52 257
190 196 265
265 190 196
196 190 265
191 253 286
253 191 286
286 191 253
101 19 159
159 19 101
19 101 159
287 89 157
89 157 287
157 89 287
91 83 294
294 83 91
83 91 294
184 118 198
118 184 198
198 118 184
61 94 186
186 61 94
94 61 186
4 148 177
177 4 148
148 4 177
36 117 149
117 36 149
149 36 117
29 120 279
120 29 279
279 29 120
9 215 291
291 9 215
215 9 291
81 21 248
248 21 81
21 81 248
237 82 96
96 82 237
82 96 237
194 133 192
133 192 194
192 133 194
128 69 103
69 103 128
103 69 128
24 139 212
139 24 212
212 24 139
154 224 285
285 154 224
224 154 285
80 25 236
25 80 236
236 25 80
282 210 216
216 210 282
210 216 282
201 112 276
112 201 276
276 112 201
165 39 246
246 39 165
39 165 246
48 116 273
273 48 116
116 48 273
147 102 204
204 102 147
102 147 204
41 46 195
46 41 195
195 41 46
232 1 179
179 1 232
1 179 232
111 98 197
98 111 197
197 98 111
95 87 245
245 87 95
87 95 245
90 6 43
43 6 90
6 43 90
97 64 99
64 97 99
99 64 97
106 270 292
292 106 270
270 106 292
146 47 151
47 146 151
151 47 146
218 78 122
122 78 218
78 122 218
30 33 225
33 30 225
225 30 33
50 123 185
123 50 185
185 50 123
251 108 142
108 142 251
142 108 251
127 13 233
13 127 233
233 13 127
137 125 275
125 137 275
275 125 137
221 51 164
164 51 221
51 164 221
5 220 271
220 5 271
271 5 220
167 155 254
155 167 254
254 155 167
223 136 187
136 187 223
187 136 223
145 114 115
114 115 145
115 114 145
258 131 268
131 258 268
268 131 258
227 175 263
175 227 263
263 175 227
230 34 281
34 230 281
281 34 230
153 16 38
38 16 153
16 38 153
63 28 255
28 63 255
255 28 63
107 37 57
37 57 107
57 37 107
3 134 295
295 3 134
134 3 295
2 213 261
213 2 261
261 2 213
105 20 266
266 20 105
20 105 266
244 170 280
280 170 244
170 244 280
260 40 135
135 40 260
40 135 260
240 77 211
211 77 240
77 211 240
235 172 219
219 172 235
172 219 235
