207885 299553 299622
150513 298046 298703
130242 297887 298650
38027 297831 298336
204491 297561 298012
114531 297444 297550
73729 297392 297496
71351 296607 297232
38791 296563 296946
129415 296481 296931
109965 296403 296662
290319 296079 296636
230007 295741 296580
37688 295623 295751
17823 295614 295744
263199 295130 295733
19380 295077 295253
116989 294883 295008
155625 294487 294528
256560 294266 294341
100503 293958 294206
288603 293769 293992
195588 293717 293926
40793 293272 293613
8169 292910 293308
249623 292824 293219
6398 292567 292673
146273 291533 292248
35450 291438 291808
188781 291275 291677
26885 291213 291650
264747 291150 291205
42815 290591 291054
509 290367 290596
88901 290288 290474
178394 289978 290217
279668 289395 290090
237098 289317 290052
163419 289166 290030
87678 289015 289862
248084 288908 289176
269936 287936 288004
169599 287182 287260
77500 286572 287133
148725 286442 286550
134439 286011 286544
262155 285953 286535
264568 285847 286309
101330 285310 285464
27586 284746 285290
163465 284604 285107
191626 283988 284701
17117 283772 284432
148499 283383 283474
108340 282706 283353
181228 282423 283313
3222 282373 282511
258918 282022 282483
148470 281627 281704
139762 280793 281061
146653 280637 280814
118346 279865 280307
210497 279294 279576
25645 279153 279313
220345 278874 278929
224028 278528 278535
208801 277881 277980
220157 277874 277939
50649 277129 277484
203706 277040 277294
252752 276862 276973
103535 276321 276934
72756 276021 276726
64114 275687 276722
291089 275271 276257
173826 275146 275646
95164 275011 275532
62519 274610 275353
251172 274547 275024
155637 274545 274799
135578 273857 273900
14197 272939 273208
198178 272762 273022
295487 272306 272627
99169 272272 272376
80532 271995 272130
155382 271271 271299
199886 270890 271234
262137 270606 270749
126050 269930 270572
121611 269606 269840
211349 269217 269484
256293 269207 269247
179720 268950 269222
135186 268687 269085
144963 268552 269034
95400 268196 268655
274902 268075 268097
143162 267595 267794
195630 266824 267716
143127 266605 266928
120492 265981 266123
19281 265788 266105
192042 265247 266038
169400 265179 265845
272953 264754 265641
149969 264700 264713
288006 264291 264645
182094 264184 264196
240312 263734 263788
45808 263611 263733
13482 263251 263634
94842 263002 263009
76257 262309 262345
283665 261563 261576
33722 261344 261417
297134 260865 260906
142789 260625 260677
63426 260443 260469
57836 260096 260270
12661 259516 260261
4135 259388 259651
198016 258785 259009
53999 258310 258405
251231 258222 258267
254044 257711 258208
159385 257689 257729
42234 257527 257575
36882 257043 257203
121756 256212 256433
198755 256002 256367
160730 255862 256034
107856 255723 255970
43764 255653 255691
154870 254812 255440
289750 254549 254935
297815 254478 254842
190024 254393 254774
149894 254238 254427
99914 254003 254332
54934 253981 254089
266082 253873 254062
160054 253825 254040
21989 253671 253709
362 252894 253542
251967 252868 253368
103455 252845 253102
235722 252633 252850
173900 252548 252843
29218 252365 252408
97058 251748 251865
249695 251273 251803
207455 251185 251520
81627 250920 251157
82574 250878 251044
121883 250680 250924
203014 250408 250893
81145 250364 250703
120196 250057 250358
109928 249313 249648
175730 248943 249074
146560 248479 248748
191593 248196 248278
95567 247804 247839
266763 247465 247489
184544 246976 247426
2837 246369 247353
101614 246083 246699
114751 245645 245694
191779 245103 245455
262133 244614 244714
75206 244280 244583
100681 244133 244319
178448 243493 243588
116059 243169 243359
116918 243012 243344
202613 242864 243326
277365 242727 243111
85463 242396 242468
61483 241694 241703
272826 241398 241544
118679 240730 241102
219573 240552 241050
219118 240507 240715
81937 239851 240166
195589 239223 239353
233080 238931 239311
299715 238455 239110
68474 238220 238747
291157 237864 238398
271128 237711 238364
285382 237363 237777
97098 237022 237223
196837 236777 237103
258834 236449 236527
287514 236032 236402
263949 235578 235684
14467 235206 235361
132688 234911 235334
134371 234723 235095
40960 234181 234711
89549 233665 234195
141874 233606 233753
161685 233372 233432
19898 233313 233353
270600 232823 233152
55739 232420 232952
228811 232196 232947
6127 231989 232477
121006 231224 231644
1976 230896 231383
269379 230474 230927
216802 230460 230708
279365 229736 229953
10349 229581 229741
23787 229033 229454
162190 228577 228602
260602 228435 228475
268502 228273 228302
180821 227617 227709
126231 226930 227678
31287 226544 227469
104863 226334 226460
52905 225870 225918
57195 225705 225879
114092 225541 225835
222874 224885 225225
204298 224447 224546
141285 223839 223985
212695 223825 223853
47956 223422 223431
211584 223295 223364
287190 223176 223334
263236 222472 223243
69127 222409 222411
103691 221836 222027
76147 221287 221680
112423 220905 221677
20580 220897 221247
137585 220661 221147
36411 220639 221046
121690 220536 220765
88906 220495 220686
298710 220368 220647
249957 219759 220476
104346 219345 219887
114825 219168 219507
12270 218773 219193
156197 218473 218547
10820 218432 218543
75317 218016 218219
55965 217904 218122
150607 217562 218099
169089 217426 217574
219026 217250 217378
287167 216925 217007
42746 216423 216870
178363 216277 216663
297557 216276 216374
192092 216015 216126
194410 215574 216079
206838 215313 215638
94503 214308 215248
106632 214235 215161
23858 214167 214678
199155 213931 214378
5539 213906 213907
125816 213303 213418
3459 212804 213369
254335 212616 212745
186855 212195 212250
175052 211472 211957
63025 211392 211921
125378 211317 211777
189807 211285 211363
77453 210875 211211
220101 210543 210580
142194 210008 210064
227757 209353 209535
257771 209153 209429
279704 209108 209268
263976 208677 209012
74118 208268 208409
173429 207779 208053
174421 207633 207926
29198 207345 207742
220726 207128 207236
15656 206516 206814
187103 206362 206710
41101 205908 206482
243965 205606 206223
110652 205432 205639
46301 205211 205541
292487 205106 205159
288423 204600 204807
217751 204355 204748
146929 204293 204694
94070 203993 204070
231692 203710 203729
122901 203248 203572
229362 203215 203483
172496 203143 203249
182116 202915 203197
25133 202011 202288
237762 201981 202261
290075 201745 202066
225308 201606 201719
40443 201086 201332
265763 200607 200671
295924 200337 200342
38149 199649 199787
297508 198730 199469
40288 198319 199159
214280 198062 198691
138167 197978 198511
4452 197755 197761
245878 197558 197745
241965 197186 197269
59802 196947 197192
38176 196881 197153
89123 196878 196971
92980 196603 196945
23198 196342 196914
97130 196324 196807
111125 196117 196588
20483 195707 196270
65533 195062 195502
24998 194717 195465
126527 194649 195420
37766 194584 194984
9641 194245 194455
226746 194118 194363
215846 193414 194224
170859 193378 193451
138503 193036 193087
272674 192345 192807
95954 192180 192717
195770 191950 192157
38857 191675 191897
91908 191124 191843
45058 191035 191579
269830 190514 191049
89569 190310 190634
104178 190197 190535
154705 190099 190463
138010 190040 190289
14709 189937 189999
231446 189500 189842
49457 189100 189800
27899 188914 189350
47748 188750 189257
216557 188630 189094
218339 188429 188640
174869 188381 188594
121122 188273 188507
179579 188234 188325
9300 188203 188256
278895 187443 187987
51360 187355 187502
151302 187242 187474
213869 187220 187304
70395 186377 186633
40721 186123 186318
15750 185623 185769
157920 184934 185672
171763 184851 185037
283088 183926 183964
274263 183610 183666
107097 183435 183561
183617 182989 183017
169112 182355 182648
6093 182290 182428
156932 181527 182058
286131 181358 181664
64494 180883 181286
259244 180391 181138
282914 180108 181129
175958 180036 180990
16029 179972 180627
274383 179927 180528
182849 179293 180170
193901 179244 179494
180953 178875 178994
156295 178780 178966
187598 178420 178604
149957 178318 178474
4055 178207 178390
244727 178084 178364
59234 177858 178152
224107 177757 178148
158327 177599 178037
53488 177205 177648
109021 177160 177581
139484 177144 177418
149293 176738 176824
298223 176136 176559
107928 176103 176235
214638 175823 176091
102508 175813 175943
35475 175310 175414
49424 174468 174493
33517 173967 174242
268755 173875 173976
80702 173660 173824
245245 173604 173790
234495 173374 173711
193264 173279 173462
133477 172831 173153
241206 172712 172914
209457 172275 172600
206202 172041 172206
1089 171744 171751
16825 171324 171712
31113 171205 171672
134753 170913 170931
238438 170006 170734
228963 169889 170728
173382 169478 169710
100322 169141 169394
145927 168807 168930
141306 168574 168903
141342 168132 168546
104008 167527 167580
166581 167182 167541
189565 167086 167522
3833 167022 167262
50506 166643 166816
53495 165924 166427
5202 165279 166032
256939 164990 165027
246140 164375 164957
162034 164296 164806
216479 163616 164041
102442 163609 163818
68998 163516 163715
253868 163212 163533
195943 162636 162748
67727 162123 162724
155316 162040 162045
226369 161675 161952
125565 161481 161699
159716 161235 161345
234990 160715 161214
102266 160317 160627
79774 160019 160513
180480 160009 160459
57236 159931 160403
297515 159750 160250
201383 159717 160162
281572 159659 159761
230320 159463 159673
160389 159099 159660
104762 158747 159254
1034 158590 159027
45043 157826 158578
27861 157538 157676
11936 157184 157530
283636 157166 157330
188948 157146 157211
105563 156434 156730
62981 155874 156604
273421 155856 156531
169585 155681 156268
148682 155281 156242
217896 155255 155307
6678 155071 155266
30602 154750 155131
37819 154680 155085
205307 154006 154062
260606 153177 153796
282701 153155 153216
172118 152387 152569
1613 152277 152291
161845 151992 152193
223645 151896 151929
278328 151396 151563
275862 150880 150946
218726 150390 150556
190758 150041 150386
104470 149938 150089
176327 149582 149666
189148 149461 149631
287045 148963 148987
12836 148873 148945
3505 148683 148840
77458 147852 147893
52147 147183 147831
29232 147059 147825
49447 147028 147418
133094 146458 147155
193968 146346 146390
46286 145646 145953
96857 145440 145861
88991 145183 145666
92121 144953 144972
108658 144275 144409
296211 143926 143942
25580 143563 143918
202026 143489 143730
7546 143274 143452
89470 142635 143427
286582 142437 142954
70077 141990 142169
226278 141949 141959
262892 141175 141205
113564 140995 141112
29219 140357 140503
11135 140014 140186
128809 139741 139943
212173 139260 139673
277832 138996 139285
157053 138485 138676
273650 137865 138159
232380 137804 138143
244634 137724 138095
192682 137525 137740
55502 137411 137458
295386 136799 137071
10581 135878 136197
166788 135115 135662
25473 134985 135528
238059 134878 134956
128140 134769 134903
59977 134131 134508
47104 134105 134434
135839 133773 134018
53579 133023 133850
296062 132896 133631
75481 132581 133154
168566 132228 132503
214879 132107 132400
207929 132052 132166
257138 131215 131675
111366 130844 131341
112201 130529 131031
144337 130287 130872
249935 130049 130159
282406 129846 129976
108393 129719 129942
28596 129020 129086
252675 128931 129050
239451 128758 128899
154128 128479 128511
271369 128102 128413
245259 127733 128201
125379 127592 127668
25100 127406 127529
292625 127264 127527
65187 126891 126901
249287 126515 126604
238598 125658 126056
246010 125602 125612
200332 124951 125452
82682 124458 124762
283555 124415 124555
246375 124078 124185
57822 124041 124102
134657 123353 123565
24606 123284 123406
205338 123124 123295
147326 122600 122662
213797 122067 122510
283278 121785 122045
126757 121731 121852
267350 121247 121456
86114 121018 121448
238417 120667 121262
296041 120659 120853
52302 120291 120601
112833 119765 120476
81665 119666 119819
87481 119385 119792
294843 119147 119787
229765 119127 119577
62333 119114 119317
294275 119041 119108
61727 118538 119091
232994 117933 118952
128417 117597 118800
168617 117553 118697
294688 117476 118236
83141 117073 117189
218089 116842 116912
25269 116056 116751
296410 116034 116520
258092 115607 116207
123366 115398 116146
99534 115230 115662
268523 114920 115639
170979 114404 115563
37515 114381 115336
42770 114334 115215
49038 114150 114448
163385 114084 114086
194152 113628 113775
299782 113386 113627
224331 113132 113496
207080 112948 113088
120750 112832 112898
80257 112332 112622
276582 111827 112022
294610 111356 111941
299269 111299 111317
208270 111233 111247
255555 110421 110918
295490 110407 110722
205771 110337 110645
10904 109711 110588
128882 109607 110188
143409 109547 110124
275183 109287 109415
14894 109123 109366
264555 108866 109171
217270 108810 108880
69046 108453 108633
129156 108433 108505
58959 108360 108389
140509 107929 108128
197590 107636 107764
247922 107497 107732
256009 106882 107640
71246 106815 107515
83279 106793 107245
78814 106791 107206
142718 106682 106760
32380 105440 105869
256739 105192 105429
171491 105060 105338
22850 104970 105267
111102 104888 105100
155529 104628 104677
243017 104556 104661
192905 103978 104367
271968 103794 104044
231929 103649 103999
160594 103057 103154
186443 102179 102497
27533 101838 102277
293898 101473 102105
62548 101004 101864
245957 100852 101453
129859 100851 101109
177212 100593 100620
211390 100177 100526
108909 100076 100173
44699 99222 99482
164408 98803 98846
219925 98263 98482
138302 98018 98032
162301 97598 97872
48052 97551 97743
296076 97291 97410
284085 97167 97213
91486 96545 97119
20904 96327 96531
78699 96131 96391
167145 96021 96385
152369 96008 96105
36333 95940 95947
11166 95541 95622
268164 95383 95397
295970 95192 95209
226225 94572 95005
121795 94494 94931
52787 94033 94823
195267 94030 94085
81671 93671 93719
201047 93258 93386
41520 92795 93286
133807 92219 93086
16491 91897 92954
209318 91862 92865
202736 91790 91955
48431 91476 91815
39038 90625 91405
111127 90581 91124
160607 90213 91074
246399 90191 90600
159054 90189 90480
216658 89757 89922
117920 89654 89805
208213 89357 89440
110314 88897 89177
281258 88357 88927
171531 88083 88384
57392 87855 88223
273135 87805 87809
9012 87208 87405
282390 87142 87216
122221 86789 87051
88930 86726 86925
95929 86628 86818
203686 86345 86765
94180 86154 86287
196737 85205 85855
198749 84856 85548
213815 84813 85358
173498 84811 84921
9687 84048 84659
157098 83967 84418
46540 83942 84086
196969 83165 83516
238494 82577 83266
255758 82007 83080
79528 81988 82591
201435 81705 82344
21171 81584 82025
58684 81514 81681
206299 81049 81595
239694 80414 80732
97937 80164 80549
294962 80145 80514
279103 80136 80217
133695 80104 80114
204131 79561 79644
123061 79438 79598
191937 79092 79468
198942 78608 79031
133409 78589 78850
114990 78156 78185
3890 77640 77805
230450 77034 77049
299197 76015 76044
285144 75459 75718
279170 75445 75467
92094 75398 75404
50497 74633 74772
155958 74146 74283
177204 74104 74217
17103 73857 74215
295930 73686 74068
284087 73642 73991
219814 72886 73656
149836 72433 73175
298075 72372 72597
144162 72303 72525
56819 72226 72289
80223 71873 72116
88201 71713 72094
172361 71235 71461
97513 70489 70865
295774 69875 70297
247145 69438 70204
199066 69343 69558
215583 68566 68989
134361 68312 68554
64007 67740 68083
31047 67651 67930
212305 67370 67764
39141 67013 67440
193262 66761 66857
160449 66609 66852
2698 66325 66563
166343 66157 66174
187994 65840 66138
278380 65742 65966
250718 65685 65892
78316 65358 65871
96985 65327 65577
251848 65010 65246
128333 64906 64955
259737 63917 64439
78882 63732 64331
160803 63497 64096
162363 63049 63268
8040 62202 62465
198101 62013 62045
192921 61643 61940
130981 60898 61707
204845 60644 61170
102652 60591 60602
296808 60300 60534
26190 59900 60321
140483 59641 59846
259685 59535 59793
37222 59465 59491
286346 59182 59375
183262 59030 59264
46689 58518 59197
82980 58149 58196
243314 57336 57977
278073 57113 57150
131377 56841 57123
4510 56763 56857
263348 56189 56823
248477 55907 56741
107633 55688 56466
144208 55452 56212
283424 55444 55666
141011 54814 55562
176073 54727 55493
24212 54650 55117
134453 53904 54613
109289 53466 53513
14888 53280 53501
274445 53151 53385
267182 52677 52876
34184 52077 52414
83681 51472 52071
119115 51098 51126
108035 51096 51111
216073 50736 51058
185917 50652 50918
118417 50275 50593
269823 50064 50533
208793 49738 50061
2287 49579 49804
104235 48902 49279
112719 48898 49151
119751 48787 49067
128783 48499 48786
62225 48229 48778
285293 47881 48707
106214 47820 48281
148655 47469 48162
11516 47217 47836
58966 47053 47142
217026 46687 47089
174463 46372 46699
200448 45813 45830
288397 45466 45553
254563 45037 45419
224772 44825 45314
31540 44600 45255
247345 44448 44478
146847 44004 44306
54924 43806 44018
66255 43276 43588
164173 42703 43516
150507 42628 43186
197021 42195 42636
99513 41976 42517
203383 41941 42266
225588 41090 41947
186380 40895 41017
136536 40043 40660
42538 39316 39798
48366 39127 39201
112090 38629 38923
220577 38515 38540
72864 37340 37941
216363 37257 37562
139273 36871 37313
33284 36770 36813
171631 36518 36761
162619 36372 36495
24438 36215 36318
181602 35763 35905
226468 35368 35660
299135 34873 34991
242601 34375 34543
184130 33908 34103
28848 33721 34043
182136 33719 33949
57629 33687 33734
109841 32727 33690
241033 32674 33647
141177 32388 33063
101694 32119 32491
272254 31931 32108
97710 31844 31896
12528 31717 31753
55587 31375 31497
102578 31356 31475
125085 30822 31463
292271 30737 31306
269920 30717 30748
211371 30610 30628
271093 30308 30500
239922 29270 30094
260427 29128 29985
59858 29055 29178
4304 28522 29115
19031 28336 28636
133586 28301 28613
276243 28118 28305
228697 27407 28134
157688 27223 27830
252211 27043 27123
159836 26768 26842
75242 26415 26718
16508 25504 26611
131011 25165 26534
230873 24802 25203
224219 24571 24799
288130 24532 24740
253315 24421 24483
75843 24108 24354
105075 23922 24009
8864 23761 23788
224396 23621 23751
111163 23415 23542
185124 23241 23362
32775 22227 23267
133561 22120 22866
138274 22005 22050
229538 21956 21974
268399 21616 21798
49891 21298 21557
18572 20685 20834
282845 20352 20648
58854 19753 20118
264512 19394 19748
131888 18990 19550
247826 18910 19161
265136 18602 18628
60360 17654 17722
284035 16950 17414
135269 16899 17163
154526 16430 16979
277181 16269 16726
65323 16119 16252
216026 15215 16170
217852 15090 15166
49837 14417 14479
141331 14159 14287
287450 13612 14132
237268 13581 14078
189084 13483 13732
207099 13196 13392
204376 12740 13266
125784 12717 13014
204985 12355 12651
168127 12282 12445
56773 12094 12314
65485 11853 11947
222352 11727 11916
17895 11442 11577
283882 11132 11535
145117 10656 10667
93936 10324 10599
93713 10075 10089
165295 9597 10082
94022 9480 10030
156363 8730 9280
250054 8466 8582
181895 8422 8538
283496 8189 8482
13510 8161 8198
166646 7710 7964
96527 7655 7818
74228 7056 7148
19938 6996 7011
199468 6399 6565
97757 6128 6270
134832 5925 5947
215360 5326 5824
273882 5304 5531
18192 4788 4967
198098 4191 4375
192595 3949 4325
92562 3656 3899
281816 3602 3765
6894 2917 3003
25782 2275 2358
44575 1524 2357
61364 1326 1878
273761 1306 1752
51778 715 1582
221131 447 850
111381 43 161
287604 10 126