100 4 970

15 55 7 23

12 -5 9 -2
-5 0 7 2
9 7 4 1
-2 2 1 2

0 3
0 9
0 17
0 29
0 30
0 37
0 41
0 45
0 49
0 57
0 60
0 66
0 68
0 69
0 71
0 77
0 79
0 82
0 90
0 99
1 3
1 8
1 11
1 13
1 16
1 17
1 19
1 22
1 24
1 26
1 29
1 30
1 38
1 46
1 62
1 70
1 71
1 73
1 79
1 82
1 87
1 89
1 99
2 3
2 5
2 6
2 23
2 25
2 28
2 30
2 31
2 43
2 44
2 57
2 58
2 61
2 63
2 67
2 81
2 86
3 4
3 5
3 50
3 51
3 55
3 57
3 62
3 64
3 76
3 77
3 85
3 89
3 91
3 97
3 98
4 5
4 7
4 8
4 9
4 23
4 26
4 29
4 31
4 33
4 35
4 36
4 42
4 51
4 57
4 58
4 59
4 74
4 82
4 83
4 84
4 97
5 6
5 11
5 13
5 28
5 33
5 36
5 52
5 55
5 58
5 59
5 63
5 66
5 67
5 68
5 69
5 74
5 78
5 84
5 86
5 90
5 93
5 94
5 95
5 96
5 98
6 19
6 21
6 36
6 46
6 48
6 50
6 51
6 54
6 67
6 68
6 70
6 77
6 79
6 83
6 87
6 98
7 10
7 11
7 13
7 20
7 28
7 30
7 32
7 46
7 50
7 51
7 64
7 67
7 73
7 79
7 83
7 97
8 14
8 15
8 19
8 35
8 38
8 50
8 62
8 66
8 69
8 75
8 80
8 81
8 82
8 86
8 97
9 18
9 30
9 39
9 40
9 42
9 45
9 46
9 54
9 59
9 60
9 61
9 64
9 66
9 73
9 84
9 90
9 97
10 13
10 15
10 17
10 19
10 24
10 27
10 38
10 63
10 65
10 67
10 71
10 72
10 79
10 85
10 97
11 19
11 20
11 26
11 36
11 40
11 46
11 49
11 55
11 56
11 61
11 64
11 66
11 80
11 86
11 89
11 93
11 96
12 20
12 28
12 29
12 34
12 37
12 41
12 45
12 54
12 55
12 72
12 74
12 79
12 90
12 91
12 92
12 97
12 99
13 23
13 31
13 38
13 43
13 46
13 47
13 69
13 87
13 89
13 91
13 92
13 94
13 96
14 15
14 18
14 20
14 24
14 28
14 33
14 36
14 43
14 45
14 49
14 51
14 63
14 64
14 67
14 68
14 83
14 84
14 88
14 89
14 99
15 16
15 38
15 40
15 58
15 64
15 78
15 84
15 86
15 87
15 92
15 93
16 20
16 25
16 29
16 31
16 41
16 42
16 46
16 47
16 53
16 54
16 57
16 62
16 69
16 74
16 87
16 95
17 18
17 21
17 57
17 58
17 59
17 61
17 62
17 65
17 69
17 70
17 72
17 74
17 80
17 81
17 82
17 87
17 88
17 93
18 24
18 27
18 34
18 35
18 36
18 40
18 41
18 45
18 49
18 50
18 52
18 57
18 62
18 64
18 72
18 74
18 78
18 85
18 89
18 97
18 99
19 21
19 29
19 32
19 33
19 34
19 36
19 48
19 54
19 58
19 62
19 63
19 66
19 68
19 70
19 75
19 77
19 79
19 85
19 92
19 96
19 98
20 25
20 27
20 32
20 36
20 39
20 56
20 62
20 63
20 65
20 67
20 71
20 72
20 74
20 85
20 93
21 36
21 41
21 45
21 48
21 49
21 50
21 56
21 71
21 72
21 77
21 87
22 24
22 27
22 37
22 40
22 41
22 57
22 58
22 60
22 64
22 69
22 72
22 80
22 84
22 85
22 92
22 93
22 95
23 31
23 35
23 43
23 48
23 55
23 61
23 65
23 66
23 69
23 73
23 74
23 75
23 76
23 83
23 85
23 86
23 92
23 99
24 25
24 29
24 32
24 36
24 43
24 47
24 50
24 58
24 60
24 67
24 68
24 70
24 85
24 90
24 91
24 97
25 26
25 32
25 34
25 51
25 54
25 61
25 64
25 68
25 69
25 83
25 90
26 27
26 32
26 34
26 36
26 38
26 40
26 42
26 44
26 49
26 65
26 69
26 74
26 75
26 78
26 89
26 91
26 93
26 98
27 35
27 36
27 39
27 41
27 42
27 45
27 57
27 60
27 66
27 67
27 74
27 83
27 86
27 89
27 96
28 29
28 31
28 34
28 47
28 53
28 58
28 59
28 61
28 63
28 64
28 65
28 71
28 76
28 77
28 83
28 85
28 86
28 95
28 99
29 39
29 45
29 46
29 48
29 51
29 55
29 56
29 60
29 66
29 85
29 86
29 89
30 47
30 58
30 60
30 61
30 68
30 69
30 70
30 71
30 73
30 74
30 76
30 78
30 86
30 87
30 90
30 95
31 43
31 45
31 47
31 55
31 68
31 80
31 82
31 84
31 89
31 90
31 94
31 96
32 34
32 37
32 72
32 73
32 76
32 82
32 85
32 88
32 94
32 99
33 34
33 47
33 49
33 62
33 69
33 74
33 77
33 78
33 79
33 83
33 84
33 87
33 89
33 91
34 37
34 54
34 68
34 71
34 77
34 79
34 86
34 87
34 99
35 40
35 43
35 44
35 46
35 50
35 51
35 69
35 74
35 77
35 83
36 40
36 43
36 51
36 59
36 60
36 64
36 67
36 71
36 72
36 88
36 91
36 92
36 93
36 96
36 98
37 39
37 47
37 51
37 52
37 65
37 68
37 71
37 74
37 75
37 76
37 77
37 81
37 87
37 98
38 46
38 50
38 60
38 68
38 69
38 70
38 71
38 75
38 76
38 90
39 42
39 46
39 50
39 62
39 68
39 73
39 76
39 81
39 83
39 87
39 89
39 96
40 49
40 50
40 54
40 59
40 60
40 64
40 67
40 68
40 74
40 77
40 82
40 91
40 95
40 97
40 98
41 42
41 46
41 50
41 61
41 65
41 67
41 77
41 78
41 83
41 92
41 94
42 52
42 62
42 73
42 77
42 78
42 79
42 81
42 85
42 91
42 92
43 44
43 46
43 52
43 55
43 56
43 67
43 80
43 85
43 93
43 97
43 98
44 45
44 49
44 55
44 56
44 71
44 79
44 93
45 55
45 57
45 65
45 69
45 90
45 91
45 94
46 49
46 52
46 53
46 56
46 59
46 62
46 64
46 85
46 92
46 94
46 95
46 97
47 53
47 72
47 75
47 79
47 93
48 49
48 50
48 53
48 62
48 64
48 68
48 70
48 71
48 73
48 76
48 83
48 92
48 95
49 51
49 53
49 56
49 57
49 61
49 62
49 67
49 68
49 72
49 80
49 83
49 93
49 96
50 71
50 73
50 74
50 75
50 84
50 93
50 95
50 96
50 99
51 52
51 59
51 60
51 66
51 73
51 76
51 80
51 86
51 99
52 58
52 64
52 65
52 69
52 71
52 73
52 76
52 77
52 79
52 84
52 85
52 92
52 95
52 96
53 61
53 62
53 71
53 73
53 74
53 78
53 80
53 97
54 59
54 60
54 63
54 65
54 74
54 86
54 87
54 89
54 94
54 96
55 61
55 69
55 75
55 77
55 79
55 86
55 89
56 61
56 69
56 70
56 71
56 74
56 76
56 83
56 85
56 92
56 97
57 67
57 78
57 86
57 89
58 70
58 94
59 63
59 68
59 70
59 83
59 93
59 94
59 95
60 68
60 71
60 73
60 78
60 79
60 86
60 87
60 89
61 65
61 68
61 69
61 72
61 89
61 96
62 64
62 71
62 72
62 75
62 76
62 79
62 81
62 82
62 86
62 90
62 93
62 94
62 99
63 83
63 96
63 97
63 98
63 99
64 71
64 84
64 88
64 97
65 66
65 73
65 78
65 81
65 93
65 95
66 74
66 80
66 82
66 94
66 98
67 70
67 93
67 97
67 99
68 69
68 72
68 82
68 88
69 70
69 75
69 78
69 84
69 90
69 92
69 96
69 98
70 83
70 85
70 97
71 74
71 76
71 78
71 91
71 99
72 74
72 77
72 80
72 81
72 88
72 89
72 93
72 95
73 80
73 82
73 85
74 77
74 84
74 89
74 90
75 79
75 81
75 83
75 85
75 87
75 88
75 93
75 95
75 98
76 81
76 85
76 89
76 95
77 79
77 86
77 91
77 93
77 96
77 99
78 79
78 81
78 85
78 91
78 96
78 98
79 84
79 90
79 93
80 85
80 91
80 98
80 99
81 83
81 84
81 97
82 91
83 86
83 90
83 92
83 95
83 97
83 98
83 99
84 87
84 93
85 90
85 94
86 89
86 90
86 91
86 94
87 89
87 91
87 92
87 95
87 97
88 92
88 96
88 97
89 91
89 96
89 97
90 92
90 96
90 97
91 96
92 93
92 94
93 97
95 97
96 97
97 98
