1000
21 44 105
33 49 87
62 112 122
74 109 260
90 106 22
109 117 175
113 132 224
134 180 284
141 143 264
155 205 41
183 199 107
200 235 107
223 225 235
242 286 200
265 292 243
276 313 119
297 306 231
327 333 77
331 341 68
331 353 198
346 349 119
360 370 209
376 381 156
393 416 43
407 434 254
407 453 73
425 434 95
433 473 284
445 485 146
457 491 239
482 496 122
490 502 192
518 523 211
533 539 53
538 552 248
540 568 173
541 584 170
560 605 2
581 608 125
595 614 217
607 611 254
634 670 115
644 656 66
651 664 221
680 692 48
688 713 252
688 712 129
695 731 242
709 734 252
734 747 264
756 794 292
770 816 162
796 835 215
823 834 15
831 878 92
841 885 227
859 875 14
872 910 283
898 900 296
913 936 298
939 969 189
958 963 185
971 1004 81
995 1029 114
1009 1025 259
1012 1024 121
1012 1016 139
1020 1064 241
1046 1051 211
1047 1096 180
1050 1063 74
1071 1091 161
1091 1123 94
1116 1165 242
1143 1184 97
1165 1183 64
1165 1169 256
1174 1183 146
1189 1190 220
1212 1218 17
1239 1257 29
1261 1281 57
1276 1290 10
1302 1303 39
1326 1355 107
1329 1352 212
1347 1378 94
1376 1397 57
1385 1424 133
1406 1422 193
1406 1455 71
1424 1425 259
1430 1471 298
1451 1481 20
1479 1493 286
1497 1545 15
1501 1511 127
1526 1535 159
1534 1538 178
1558 1559 48
1558 1592 3
1564 1599 12
1571 1581 183
1594 1628 84
1613 1618 71
1620 1650 27
1627 1671 122
1639 1643 113
1649 1664 132
1656 1661 244
1661 1692 200
1675 1698 25
1681 1684 2
1701 1714 14
1721 1759 228
1737 1784 105
1752 1754 189
1765 1788 178
1783 1825 226
1790 1802 143
1811 1836 43
1835 1870 184
1855 1904 69
1879 1896 142
1900 1947 215
1907 1926 243
1921 1971 286
1949 1953 230
1971 2011 137
1980 2012 7
1997 2039 123
2020 2052 29
2028 2041 262
2030 2039 133
2058 2064 66
2078 2119 207
2107 2154 85
2129 2167 31
2152 2173 70
2165 2207 18
2174 2201 205
2202 2248 42
2209 2211 108
2227 2246 107
2234 2258 268
2247 2270 261
2255 2275 228
2276 2318 287
2285 2335 55
2307 2328 131
2333 2380 72
2337 2352 108
2345 2384 198
2357 2400 118
2360 2388 233
2383 2389 3
2400 2405 248
2421 2468 170
2436 2440 63
2438 2469 239
2447 2471 55
2453 2493 7
2467 2473 119
2477 2525 224
2494 2540 222
2511 2549 219
2532 2564 139
2550 2572 210
2575 2583 61
2603 2622 47
2620 2652 115
2628 2671 81
2636 2639 285
2638 2639 174
2645 2650 54
2668 2697 239
2691 2713 5
2713 2755 188
2725 2768 105
2741 2788 184
2758 2793 199
2768 2797 282
2791 2831 112
2794 2825 185
2809 2846 107
2810 2860 281
2817 2858 114
2840 2876 80
2855 2861 117
2881 2916 255
2903 2929 261
2911 2916 257
2924 2936 299
2936 2983 169
2944 2968 215
2959 2987 293
2962 2971 5
2972 3003 271
2998 3023 95
3018 3058 192
3047 3087 2
3071 3076 105
3095 3132 116
3102 3131 115
3120 3121 95
3123 3157 283
3131 3168 160
3153 3177 25
3168 3176 277
3175 3184 207
3180 3191 266
3208 3229 80
3235 3281 111
3244 3259 85
3263 3291 76
3276 3288 69
3282 3294 215
3302 3321 285
3304 3327 151
3323 3342 20
3325 3338 57
3331 3370 161
3357 3360 65
3359 3386 273
3362 3385 157
3370 3405 132
3381 3391 299
3408 3452 23
3417 3455 82
3418 3436 12
3441 3445 270
3465 3486 4
3473 3502 93
3476 3499 208
3490 3509 84
3503 3514 54
3509 3519 193
3521 3536 290
3526 3552 148
3553 3574 110
3561 3563 196
3568 3613 132
3568 3613 194
3584 3634 152
3588 3594 62
3612 3632 285
3614 3623 201
3624 3644 29
3646 3696 33
3666 3707 24
3668 3678 220
3689 3697 78
3694 3736 227
3708 3721 57
3727 3732 17
3734 3782 119
3741 3783 148
3771 3786 94
3777 3804 68
3778 3784 3
3788 3822 267
3796 3812 293
3820 3850 77
3844 3891 28
3859 3876 264
3864 3881 45
3877 3887 297
3878 3907 245
3890 3922 127
3908 3934 38
3933 3950 74
3934 3957 6
3941 3972 8
3945 3977 140
3968 3988 137
3988 3997 295
4002 4022 186
4027 4064 54
4031 4044 224
4040 4048 157
4059 4107 226
4079 4120 289
4089 4132 231
4098 4126 214
4117 4151 78
4139 4173 160
4161 4189 4
4190 4210 18
4210 4219 153
4232 4268 293
4248 4291 147
4270 4298 258
4280 4316 36
4283 4325 244
4308 4341 18
4332 4355 145
4356 4359 216
4357 4370 158
4385 4390 8
4394 4398 109
4414 4435 1
4437 4462 70
4463 4471 27
4468 4472 100
4494 4501 111
4524 4573 80
4536 4567 49
4566 4580 261
4585 4591 286
4605 4654 244
4626 4627 137
4641 4652 44
4645 4686 148
4658 4671 185
4683 4722 107
4692 4728 236
4714 4756 233
4739 4750 292
4744 4745 128
4751 4776 287
4773 4820 59
4793 4797 282
4822 4851 64
4823 4839 158
4825 4860 214
4853 4901 2
4879 4895 52
4896 4926 126
4925 4944 213
4940 4959 164
4951 4986 97
4975 5019 236
4991 5012 215
5007 5038 47
5024 5051 74
5037 5077 257
5067 5104 89
5088 5109 244
5094 5144 26
5100 5109 286
5107 5152 190
5110 5145 242
5137 5157 125
5158 5201 26
5173 5176 93
5192 5200 111
5213 5217 34
5231 5261 185
5255 5267 286
5269 5312 258
5274 5303 220
5274 5316 139
5285 5289 28
5293 5310 114
5310 5322 18
5333 5367 31
5346 5356 249
5357 5380 128
5382 5403 23
5387 5400 170
5388 5390 14
5388 5425 132
5405 5428 219
5433 5476 128
5434 5454 176
5456 5490 117
5470 5484 112
5481 5508 115
5492 5498 261
5499 5500 175
5517 5526 288
5519 5559 122
5533 5554 47
5542 5544 217
5550 5551 213
5570 5578 289
5571 5618 43
5587 5626 151
5603 5614 195
5608 5624 130
5630 5640 132
5639 5689 109
5661 5693 238
5667 5688 291
5690 5739 38
5711 5729 153
5730 5755 73
5751 5770 171
5780 5795 240
5809 5831 235
5819 5860 268
5840 5851 264
5867 5873 25
5885 5890 84
5899 5924 104
5911 5919 76
5913 5924 266
5913 5922 300
5930 5955 186
5942 5991 121
5944 5981 88
5954 6004 237
5981 6008 12
5993 6034 51
6016 6066 248
6044 6071 36
6048 6083 86
6078 6124 91
6093 6135 225
6120 6156 247
6150 6199 141
6176 6215 26
6178 6203 270
6204 6211 261
6206 6216 79
6221 6244 164
6222 6229 17
6224 6247 101
6246 6264 64
6276 6318 131
6303 6352 199
6325 6371 140
6328 6353 66
6333 6357 147
6355 6402 161
6385 6418 16
6388 6431 213
6401 6417 40
6417 6462 36
6428 6443 45
6458 6498 263
6469 6491 286
6490 6518 268
6490 6492 19
6519 6568 210
6529 6563 87
6541 6588 253
6558 6577 262
6559 6566 236
6572 6607 98
6592 6638 95
6594 6610 65
6606 6631 104
6633 6681 215
6647 6672 158
6649 6658 156
6656 6691 106
6682 6691 163
6689 6729 241
6713 6734 259
6723 6767 170
6745 6783 102
6769 6776 165
6775 6814 96
6802 6833 47
6810 6859 147
6815 6837 268
6825 6869 32
6832 6836 58
6859 6873 4
6859 6862 155
6879 6883 278
6903 6926 96
6907 6946 257
6912 6928 129
6928 6931 9
6933 6949 279
6952 6972 211
6962 6970 291
6992 7021 23
7019 7055 110
7029 7054 50
7053 7075 65
7059 7067 149
7061 7070 134
7076 7112 208
7088 7126 192
7105 7135 282
7113 7117 30
7129 7178 170
7154 7171 66
7177 7185 143
7203 7219 25
7210 7257 198
7214 7216 108
7237 7254 47
7257 7260 26
7259 7271 161
7272 7299 66
7283 7296 22
7291 7299 205
7314 7347 98
7321 7360 164
7323 7352 71
7349 7391 244
7365 7380 239
7365 7405 2
7379 7387 273
7409 7438 151
7432 7464 226
7447 7493 38
7449 7461 44
7457 7476 178
7485 7500 103
7499 7514 90
7510 7557 280
7516 7531 91
7545 7569 91
7552 7587 124
7582 7606 31
7596 7611 238
7604 7618 214
7613 7661 53
7634 7644 180
7650 7692 183
7655 7668 119
7684 7714 68
7694 7706 231
7700 7706 54
7705 7714 18
7735 7757 78
7757 7783 185
7785 7826 35
7796 7804 237
7820 7830 38
7823 7871 167
7841 7890 202
7868 7916 78
7883 7922 235
7908 7913 299
7925 7961 145
7934 7940 171
7945 7971 100
7951 7989 64
7971 8002 241
7992 8019 11
7998 8015 221
8027 8061 187
8030 8038 220
8053 8092 267
8063 8100 251
8081 8089 287
8082 8130 289
8082 8089 110
8093 8120 198
8110 8135 126
8133 8180 101
8159 8164 67
8174 8200 299
8194 8225 39
8217 8242 110
8240 8279 34
8265 8285 98
8274 8313 129
8279 8293 155
8298 8340 103
8308 8315 178
8314 8332 200
8331 8368 223
8359 8367 169
8385 8426 169
8409 8429 14
8427 8446 226
8433 8470 188
8456 8503 290
8460 8494 136
8478 8493 63
8494 8525 236
8494 8501 193
8515 8524 125
8536 8565 149
8552 8565 15
8560 8606 131
8581 8622 25
8595 8619 101
8597 8614 22
8617 8622 20
8632 8656 98
8636 8666 136
8665 8672 290
8692 8732 62
8699 8713 128
8728 8766 44
8744 8762 204
8773 8798 297
8793 8835 139
8805 8812 164
8816 8823 2
8837 8866 84
8846 8854 151
8848 8851 6
8848 8876 24
8863 8887 119
8867 8881 92
8887 8921 83
8916 8940 63
8930 8937 155
8932 8982 118
8955 8992 59
8968 8998 132
8986 8999 231
9014 9059 155
9041 9073 286
9064 9067 289
9074 9112 283
9104 9149 154
9134 9147 179
9162 9200 208
9170 9173 239
9185 9213 220
9198 9239 106
9225 9239 255
9235 9280 260
9263 9309 297
9272 9303 124
9274 9291 70
9274 9305 241
9283 9303 146
9312 9345 15
9314 9317 102
9339 9369 190
9344 9360 258
9373 9388 87
9397 9433 118
9422 9457 38
9427 9456 12
9450 9482 173
9476 9517 269
9476 9507 6
9499 9529 166
9526 9540 31
9536 9564 120
9565 9571 82
9586 9605 291
9600 9605 199
9602 9650 295
9629 9631 291
9633 9644 182
9656 9671 1
9667 9683 99
9676 9680 219
9694 9735 61
9701 9750 54
9713 9718 258
9741 9760 185
9763 9795 72
9788 9835 264
9815 9859 207
9822 9868 91
9837 9872 6
9866 9884 70
9872 9876 101
9877 9894 162
9904 9941 107
9913 9924 11
9934 9982 1
9951 9997 192
9977 10014 192
9991 10013 211
10014 10039 102
10023 10053 44
10045 10057 187
10055 10076 33
10084 10112 252
10101 10149 39
10124 10171 139
10125 10144 211
10152 10197 70
10152 10182 220
10160 10169 233
10173 10210 124
10191 10192 147
10216 10250 225
10239 10256 113
10263 10302 292
10263 10300 264
10269 10281 231
10291 10314 127
10311 10344 4
10327 10333 61
10328 10351 74
10333 10347 116
10346 10394 15
10364 10400 116
10368 10394 142
10379 10409 262
10388 10391 245
10393 10440 30
10418 10437 152
10431 10432 192
10447 10461 109
10465 10509 57
10468 10490 78
10474 10488 232
10497 10540 218
10500 10526 7
10520 10558 167
10526 10540 183
10546 10549 237
10573 10597 53
10595 10607 246
10618 10657 81
10621 10641 182
10643 10650 2
10648 10688 129
10663 10672 208
10692 10730 81
10693 10735 256
10716 10736 81
10723 10735 19
10730 10740 242
10745 10765 7
10745 10762 209
10770 10773 30
10781 10787 59
10804 10816 211
10808 10813 145
10813 10831 105
10833 10876 152
10862 10898 283
10869 10905 173
10877 10887 265
10896 10901 88
10913 10932 162
10923 10934 109
10924 10933 253
10948 10955 222
10948 10952 77
10968 10999 201
10985 11020 245
11010 11035 243
11038 11051 43
11050 11091 109
11073 11122 256
11077 11082 246
11095 11114 284
11112 11117 174
11130 11136 56
11147 11185 6
11154 11191 43
11163 11202 231
11183 11218 79
11188 11196 87
11205 11251 215
11232 11237 210
11246 11295 110
11271 11302 25
11278 11293 61
11296 11326 291
11322 11368 261
11325 11360 112
11355 11382 71
11382 11424 176
11408 11433 231
11410 11428 80
11412 11431 175
11438 11442 97
11455 11466 87
11461 11478 198
11473 11485 210
11486 11536 281
11489 11533 229
11499 11502 262
11502 11512 292
11522 11557 180
11523 11543 23
11543 11571 131
11564 11608 199
11587 11594 173
11612 11657 163
11615 11656 151
11620 11653 203
11644 11645 167
11648 11696 183
11654 11669 214
11668 11673 169
11695 11725 13
11724 11740 214
11730 11776 271
11758 11762 269
11758 11806 109
11782 11792 147
11804 11806 21
11806 11813 236
11815 11844 247
11829 11843 100
11849 11870 230
11855 11905 58
11869 11888 269
11884 11926 199
11897 11913 61
11923 11965 237
11931 11957 158
11943 11964 232
11967 11987 296
11977 12015 3
11990 12017 95
12008 12010 284
12025 12045 293
12049 12075 264
12061 12069 62
12082 12118 15
12100 12103 202
12121 12137 216
12131 12144 103
12156 12176 188
12167 12189 288
12173 12176 125
12190 12196 271
12218 12221 256
12220 12245 20
12249 12296 162
12266 12274 234
12267 12282 133
12282 12312 10
12303 12309 209
12303 12350 208
12314 12349 284
12343 12369 126
12370 12375 76
12395 12410 51
12424 12455 119
12441 12445 120
12455 12479 26
12464 12469 287
12465 12476 154
12466 12513 171
12475 12521 194
12485 12529 101
12488 12525 240
12488 12535 56
12512 12561 11
12520 12534 196
12547 12595 192
12563 12579 136
12581 12628 183
12600 12626 147
12626 12633 199
12652 12668 14
12667 12676 173
12669 12694 97
12696 12706 43
12696 12743 164
12726 12771 189
12743 12749 124
12760 12788 4
12776 12794 187
12801 12840 68
12828 12874 64
12831 12835 18
12854 12869 68
12855 12904 74
12879 12924 128
12907 12911 264
12931 12958 100
12941 12969 142
12942 12946 47
12945 12970 57
12965 12994 147
12981 13010 206
12987 13033 45
13015 13054 208
13025 13030 255
13047 13056 235
13067 13076 65
13093 13126 287
13105 13109 130
13125 13155 168
13151 13162 247
13174 13223 292
13179 13183 274
13197 13222 193
13199 13242 102
13229 13271 187
13234 13238 65
13261 13270 35
13273 13281 83
13292 13326 130
13321 13361 3
13344 13349 68
13369 13411 274
13379 13392 136
13387 13423 74
13397 13420 244
13403 13429 219
13417 13428 104
13423 13444 236
13426 13475 225
13455 13459 106
13473 13481 110
13491 13498 222
13498 13547 193
13516 13554 171
13524 13552 106
13548 13588 20
13565 13586 27
13570 13596 218
13578 13607 163
13592 13624 153
13613 13640 250
13613 13615 100
13614 13629 63
13619 13631 45
13622 13655 247
13649 13659 233
13662 13671 136
13676 13717 290
13697 13709 83
13724 13743 29
13736 13762 261
13746 13796 197
13758 13779 234
13772 13790 187
13792 13793 18
13797 13800 148
13822 13855 136
13827 13865 1
13856 13857 282
13882 13923 155
13882 13907 103
13906 13943 41
13935 13968 75
13964 13973 230
13978 13988 155
13988 13991 267
13994 14002 231
14009 14014 229
14033 14063 158
14053 14095 268
14081 14089 166
14094 14144 55
14114 14137 36
14137 14185 233
14167 14180 157
14190 14229 184
14208 14223 216
14231 14257 23
14252 14292 224
14264 14288 280
14293 14325 183
14315 14321 140
14334 14346 103
14334 14378 169
14334 14381 154
14361 14369 127
14387 14415 199
14412 14441 95
14419 14431 60
14429 14463 167
14442 14449 153
14466 14509 5
14468 14513 110
14487 14537 167
14497 14502 221
14522 14535 37
14544 14588 113
14552 14569 66
14576 14622 118
14580 14587 31
14585 14587 44
14597 14599 82
14597 14600 99
14601 14631 104
14610 14637 221
14628 14664 190
14633 14655 67
14660 14706 192
14662 14705 29
14680 14694 82
14699 14715 147
14718 14744 294
14729 14769 141
14733 14753 30
14736 14745 87
14748 14781 256
14774 14782 60
14793 14810 23
14809 14842 159
14833 14843 276
14854 14897 114
14883 14904 80
14908 14951 74
14920 14932 222
14928 14969 15
14948 14995 251
14971 14995 224
14976 14978 63
14994 15000 256
15008 15053 223
15015 15026 168
15024 15054 30
15049 15067 283
15062 15084 238
15066 15086 165
15089 15090 169
15095 15143 290
15122 15156 225
15137 15161 105
15146 15195 129
15167 15212 273
