1000
16 63 47
27 76 175
57 81 241
86 91 68
88 136 115
107 141 259
111 122 133
140 189 210
156 172 291
165 198 254
195 198 66
205 221 150
209 237 285
230 278 45
252 269 191
264 271 42
270 286 300
278 292 272
294 331 246
295 329 233
306 355 137
315 364 143
316 328 74
323 338 52
351 384 100
355 356 11
357 362 64
366 376 111
373 376 287
374 406 132
382 423 190
386 416 65
389 397 181
414 421 219
422 470 46
424 437 144
431 454 153
457 458 56
477 499 93
478 502 145
478 487 213
488 490 110
507 528 211
532 541 179
539 554 240
560 579 107
587 633 80
616 661 263
631 663 35
649 688 71
651 699 137
675 685 245
679 694 268
679 684 271
689 711 34
711 738 254
725 734 287
744 792 40
752 756 262
773 794 48
786 792 19
789 825 188
807 823 197
815 819 261
824 853 228
829 834 240
838 869 215
860 873 163
869 898 167
871 916 3
879 918 130
897 907 246
902 945 234
932 942 287
952 980 287
976 1012 231
995 1035 25
1017 1066 262
1042 1076 160
1068 1090 295
1096 1134 250
1108 1127 120
1122 1133 181
1148 1196 274
1160 1182 172
1178 1216 42
1187 1197 205
1211 1233 108
1217 1234 117
1220 1267 8
1231 1241 62
1234 1282 159
1257 1298 193
1280 1291 118
1300 1303 270
1324 1349 88
1353 1369 96
1377 1406 31
1390 1393 210
1420 1450 137
1422 1451 164
1423 1458 233
1441 1487 152
1447 1495 261
1477 1509 177
1492 1539 26
1511 1547 132
1533 1536 205
1547 1580 285
1577 1592 232
1605 1649 123
1624 1668 87
1644 1668 36
1656 1685 45
1659 1670 139
1664 1695 126
1668 1678 270
1686 1699 80
1710 1720 108
1736 1770 282
1754 1782 142
1773 1774 234
1796 1840 263
1808 1853 138
1813 1857 283
1831 1842 265
1838 1883 15
1857 1860 198
1865 1890 89
1865 1900 89
1873 1895 231
1874 1900 243
1898 1940 110
1913 1931 13
1924 1973 156
1937 1962 298
1967 1993 163
1974 2008 62
1978 2027 4
1978 1991 217
1978 1983 198
1991 2035 163
2002 2015 122
2024 2060 265
2028 2037 148
2030 2069 114
2046 2079 173
2070 2108 291
2084 2128 274
2098 2130 91
2115 2138 138
2131 2174 66
2137 2146 23
2163 2204 121
2186 2229 133
2215 2252 264
2243 2267 179
2264 2314 279
2294 2328 47
2305 2324 230
2311 2321 87
2313 2316 272
2329 2365 181
2335 2381 181
2335 2349 229
2358 2365 96
2383 2419 61
2394 2420 295
2411 2436 247
2418 2462 142
2434 2461 138
2464 2498 94
2472 2518 127
2486 2513 249
2516 2519 186
2517 2537 81
2534 2553 236
2539 2587 96
2563 2567 98
2585 2595 148
2585 2600 66
2615 2649 262
2623 2629 274
2645 2646 139
2655 2688 7
2655 2686 157
2663 2669 257
2682 2711 58
2694 2739 140
2713 2728 261
2733 2739 74
2759 2772 184
2777 2797 162
2783 2809 261
2796 2841 239
2826 2871 72
2855 2879 107
2875 2890 155
2886 2930 70
2900 2940 72
2927 2930 4
2943 2979 279
2961 2985 158
2963 2982 198
2981 3018 156
3006 3037 142
3006 3034 136
3022 3048 250
3023 3025 132
3035 3038 134
3044 3061 103
3054 3064 183
3071 3093 280
3074 3114 5
3094 3139 263
3098 3121 171
3124 3156 22
3148 3171 47
3161 3197 228
3185 3217 242
3201 3207 49
3219 3220 202
3235 3283 59
3258 3290 52
3275 3313 10
3291 3324 104
3299 3343 22
3299 3329 13
3318 3323 14
3336 3367 162
3357 3391 223
3378 3418 226
3390 3410 67
3420 3443 204
3429 3455 224
3436 3456 8
3465 3490 158
3480 3497 121
3498 3515 270
3511 3552 300
3537 3565 178
3541 3590 18
3568 3602 73
3576 3600 258
3578 3584 198
3587 3629 143
3587 3633 32
3594 3640 280
3606 3618 132
3612 3635 195
3616 3651 227
3620 3623 2
3632 3636 137
3638 3666 290
3658 3705 196
3681 3703 177
3691 3708 152
3692 3715 222
3714 3755 133
3725 3763 215
3733 3753 224
3733 3783 200
3744 3760 79
3774 3792 134
3786 3824 215
3801 3813 119
3824 3850 280
3831 3841 165
3854 3860 134
3862 3877 232
3869 3875 283
3870 3893 248
3898 3935 262
3915 3947 3
3934 3947 276
3934 3978 239
3963 3972 31
3987 4026 189
4000 4009 166
4024 4065 106
4025 4026 276
4042 4089 218
4070 4113 148
4071 4084 48
4078 4126 116
4104 4109 113
4114 4139 113
4127 4143 96
4128 4132 107
4142 4168 189
4157 4193 89
4168 4212 36
4186 4222 232
4196 4214 174
4208 4227 87
4222 4245 244
4251 4272 237
4252 4285 34
4267 4311 222
4292 4301 239
4292 4305 116
4300 4348 66
4302 4338 153
4328 4373 252
4331 4333 101
4355 4360 110
4364 4407 87
4387 4421 161
4414 4450 28
4417 4446 67
4419 4467 154
4441 4469 120
4469 4510 190
4495 4538 180
4514 4521 221
4525 4555 254
4555 4563 269
4574 4618 51
4598 4643 273
4619 4639 73
4627 4651 228
4631 4662 159
4633 4664 16
4652 4674 172
4669 4698 55
4698 4708 174
4713 4723 86
4720 4734 17
4743 4784 111
4743 4759 195
4749 4791 201
4776 4795 23
4797 4805 46
4810 4832 14
4824 4851 28
4854 4893 133
4884 4886 50
4896 4912 84
4907 4943 26
4923 4933 200
4927 4951 44
4932 4934 280
4961 4987 256
4964 4973 168
4969 5009 51
4971 4981 46
4976 5015 91
5003 5011 244
5012 5054 36
5031 5080 171
5042 5086 65
5044 5073 12
5070 5077 83
5075 5124 195
5085 5127 231
5107 5137 204
5118 5131 164
5139 5143 291
5153 5158 207
5167 5207 200
5174 5210 84
5201 5240 52
5201 5202 275
5229 5269 186
5238 5251 282
5250 5259 92
5268 5275 27
5297 5318 153
5304 5327 100
5316 5364 195
5337 5366 194
5347 5368 269
5351 5372 265
5366 5371 133
5386 5433 149
5388 5430 178
5397 5405 263
5404 5433 5
5426 5431 299
5448 5477 77
5478 5492 80
5480 5517 149
5491 5506 249
5516 5537 210
5542 5550 109
5545 5594 162
5575 5593 122
5585 5609 126
5599 5602 272
5608 5625 165
5623 5638 26
5638 5644 154
5647 5673 89
5648 5693 89
5666 5685 213
5689 5694 110
5691 5735 160
5718 5747 14
5723 5734 242
5748 5792 83
5774 5798 11
5781 5795 40
5804 5823 190
5821 5853 158
5829 5847 241
5834 5849 206
5853 5891 255
5872 5881 191
5897 5943 290
5906 5918 104
5929 5950 288
5933 5957 108
5950 5972 2
5956 6001 256
5976 5994 24
5994 6024 288
6019 6056 77
6049 6081 268
6079 6114 105
6100 6125 63
6117 6142 213
6132 6182 25
6156 6203 247
6162 6199 284
6168 6176 148
6177 6181 16
6186 6191 234
6186 6206 180
6196 6240 13
6196 6245 294
6209 6245 36
6218 6264 16
6237 6240 124
6262 6311 285
6287 6324 225
6313 6346 293
6331 6371 261
6351 6389 131
6381 6402 131
6381 6417 105
6392 6431 63
6396 6398 178
6426 6429 28
6452 6468 175
6459 6496 226
6466 6476 207
6493 6534 154
6518 6524 130
6543 6584 50
6554 6600 61
6566 6601 222
6584 6603 102
6593 6626 272
6622 6623 116
6647 6656 54
6658 6666 233
6680 6724 22
6686 6702 19
6691 6712 24
6708 6755 132
6717 6757 194
6733 6747 102
6745 6750 182
6759 6799 101
6766 6779 192
6770 6819 25
6775 6800 108
6802 6846 182
6823 6835 238
6852 6879 106
6878 6892 10
6887 6890 235
6913 6956 90
6920 6963 140
6933 6978 148
6935 6955 109
6954 6997 150
6973 7015 85
6982 7010 168
6985 6999 182
6994 7012 122
6994 6995 228
7013 7036 153
7043 7072 258
7073 7113 292
7081 7092 285
7087 7110 145
7098 7145 68
7127 7138 21
7137 7163 99
7163 7207 90
7182 7204 42
7189 7201 72
7200 7221 145
7203 7216 282
7203 7226 194
7203 7253 37
7229 7240 262
7248 7292 122
7278 7318 287
7287 7302 143
7289 7308 166
7289 7310 214
7315 7352 185
7318 7353 129
7326 7327 11
7355 7398 285
7385 7420 99
7395 7397 288
7412 7413 3
7419 7428 279
7424 7427 52
7442 7445 279
7461 7508 108
7489 7497 9
7491 7540 176
7502 7547 241
7522 7540 76
7552 7559 38
7560 7572 70
7566 7612 246
7572 7605 41
7580 7606 4
7585 7589 152
7608 7645 256
7608 7653 228
7633 7659 110
7654 7691 193
7671 7716 38
7689 7692 119
7715 7731 186
7717 7736 55
7733 7734 21
7744 7767 28
7744 7770 95
7766 7810 99
7793 7838 70
7814 7820 92
7836 7860 120
7851 7885 237
7864 7898 268
7875 7896 228
7899 7924 51
7916 7922 101
7917 7948 16
7920 7949 227
7924 7927 108
7924 7944 144
7932 7940 173
7957 7986 190
7981 7982 200
8009 8030 225
8032 8065 230
8062 8066 184
8080 8093 252
8109 8117 174
8139 8163 278
8147 8164 1
8157 8180 76
8183 8222 241
8190 8213 133
8212 8226 172
8234 8242 175
8264 8284 140
8294 8337 154
8315 8325 43
8332 8381 40
8340 8375 214
8355 8389 50
8378 8417 55
8382 8385 68
8401 8425 227
8410 8422 161
8425 8474 153
8434 8444 100
8461 8465 121
8486 8536 238
8490 8528 176
8501 8531 90
8515 8519 206
8538 8584 267
8538 8585 178
8556 8560 216
8560 8581 184
8565 8569 224
8583 8616 216
8612 8627 296
8640 8670 55
8649 8693 38
8667 8697 87
8671 8711 208
8699 8722 10
8715 8729 240
8725 8775 37
8734 8745 129
8747 8773 132
8774 8782 44
8795 8844 182
8814 8862 289
8842 8854 290
8853 8878 260
8855 8901 48
8883 8907 33
8896 8898 183
8899 8941 264
8924 8974 171
8931 8963 113
8951 8995 297
8957 8986 5
8958 8985 285
8968 8969 237
8981 9026 214
9011 9037 37
9029 9042 99
9035 9055 225
9051 9055 23
9061 9094 253
9090 9135 35
9101 9144 121
9115 9152 250
9115 9131 72
9136 9150 130
9154 9191 287
9175 9185 112
9179 9224 124
9191 9209 292
9195 9216 108
9216 9237 198
9244 9259 86
9269 9288 41
9281 9294 276
9294 9330 155
9298 9342 137
9310 9347 25
9326 9348 71
9356 9380 152
9376 9408 20
9386 9395 57
9408 9442 157
9435 9477 192
9436 9449 202
9445 9446 30
9449 9488 144
9450 9488 282
9467 9475 82
9486 9504 203
9488 9528 250
9508 9551 219
9534 9561 213
9543 9565 154
9571 9580 297
9577 9602 226
9599 9602 32
9613 9632 136
9615 9622 164
9623 9657 283
9643 9680 207
9654 9701 287
9658 9659 265
9681 9685 70
9690 9713 196
9699 9724 167
9705 9738 27
9720 9758 119
9726 9758 208
9752 9782 269
9752 9757 97
9776 9821 18
9797 9819 212
9820 9857 196
9834 9861 229
9842 9875 180
9862 9903 240
9872 9875 251
9885 9917 191
9895 9910 268
9913 9921 188
9940 9965 222
9970 9980 20
9978 10018 252
9998 10040 1
10025 10031 278
10052 10097 270
10067 10068 248
10073 10103 87
10083 10105 198
10085 10095 127
10111 10129 185
10135 10170 57
10162 10193 168
10176 10226 256
10183 10206 40
10188 10197 71
10218 10231 31
10219 10268 135
10240 10274 270
10255 10264 50
10265 10281 147
10283 10328 101
10300 10338 213
10320 10325 61
10322 10326 80
10352 10353 93
10380 10422 112
10409 10447 232
10434 10474 283
10443 10470 36
10465 10509 254
10477 10487 115
10485 10506 266
10497 10499 193
10520 10537 136
10525 10544 91
10537 10555 231
10538 10564 225
10560 10604 115
10564 10583 149
10592 10626 111
10601 10609 10
10626 10629 140
10626 10674 66
10635 10667 214
10660 10687 298
10671 10672 278
10681 10715 295
10691 10738 152
10714 10745 33
10722 10729 204
10736 10771 130
10762 10770 264
10780 10814 11
10807 10841 14
10832 10858 203
10834 10857 59
10852 10901 290
10859 10860 35
10866 10911 93
10878 10884 110
10882 10931 109
10905 10938 173
10909 10949 32
10909 10943 189
10929 10964 47
10931 10960 111
10935 10978 249
10939 10942 190
10940 10980 96
10942 10986 43
10967 11004 147
10987 11014 86
10993 11009 15
11014 11039 13
11017 11047 30
11025 11037 243
11054 11080 291
11069 11076 103
11083 11120 167
11107 11109 127
11110 11115 78
11114 11147 185
11119 11169 104
11128 11145 234
11134 11179 274
11152 11159 10
11177 11201 182
11183 11233 115
11205 11247 190
11219 11230 8
11241 11279 66
11248 11262 167
11272 11317 34
11273 11280 44
11293 11341 49
11303 11312 280
11304 11342 45
11329 11351 176
11334 11336 68
11353 11367 139
11359 11380 198
11374 11388 107
11403 11447 189
11410 11442 184
11420 11457 156
11435 11465 165
11452 11482 244
11482 11512 172
11495 11501 41
11516 11549 167
11534 11573 40
11556 11576 98
11564 11602 41
11565 11583 233
11573 11610 45
11599 11602 5
11612 11662 49
11637 11644 185
11655 11691 123
11670 11672 179
11700 11729 201
11715 11718 48
11727 11730 33
11747 11752 280
11748 11780 211
11764 11809 167
11793 11796 175
11822 11841 45
11850 11876 199
11867 11888 283
11881 11910 295
11907 11946 12
11913 11916 37
11913 11949 7
11936 11956 116
11939 11977 262
11953 11973 240
11978 11980 170
11988 11990 225
12003 12051 52
12023 12050 124
12032 12071 180
12035 12085 45
12058 12087 103
12085 12111 169
12097 12114 133
12127 12164 297
12143 12185 179
12148 12168 196
12153 12183 285
12177 12197 141
12183 12197 162
12211 12259 154
12228 12246 222
12241 12288 84
12257 12305 88
12284 12317 83
12291 12328 78
12292 12325 56
12296 12314 297
12310 12350 190
12332 12368 122
12340 12385 260
12356 12383 253
12376 12379 85
12388 12421 298
12411 12416 137
12427 12462 74
12456 12483 177
12457 12498 154
12468 12517 248
12474 12482 15
12480 12486 208
12485 12520 151
12500 12533 190
12524 12538 204
12550 12562 220
12554 12604 265
12566 12597 285
12594 12613 257
12610 12611 30
12635 12640 24
12663 12711 180
12687 12692 92
12697 12719 216
12725 12769 187
12752 12801 201
12763 12813 92
12774 12813 44
12780 12800 52
12788 12808 278
12802 12846 37
12828 12849 282
12840 12849 143
12858 12877 34
12872 12913 175
12876 12898 262
12881 12883 290
12887 12925 42
12887 12911 69
12896 12940 35
12897 12920 281
12898 12914 174
12920 12968 281
12936 12960 59
12946 12951 121
12961 12963 6
12982 13003 213
12988 13025 280
12996 12998 294
13021 13056 19
13037 13060 264
13054 13080 234
13066 13104 83
13073 13095 114
13082 13104 114
13097 13121 104
13107 13145 127
13121 13155 293
13150 13197 47
13169 13209 83
13183 13188 249
13213 13225 207
13226 13275 225
13232 13281 131
13241 13258 293
13266 13276 44
13281 13322 149
13301 13327 7
13305 13341 300
13311 13338 140
13338 13351 133
13352 13356 229
13371 13403 81
13388 13392 223
13415 13426 295
13445 13456 117
13458 13508 225
13487 13530 207
13501 13539 260
13512 13539 294
13536 13567 134
13555 13575 93
13565 13590 146
13583 13624 94
13604 13639 181
13614 13634 244
13619 13621 256
13626 13631 34
13649 13654 230
13657 13678 202
13678 13698 149
13698 13735 270
13706 13734 44
13722 13726 162
13734 13763 12
13751 13762 52
13761 13789 139
13779 13788 148
13806 13846 48
13807 13823 47
13812 13819 232
13818 13863 234
13838 13882 297
13867 13881 80
13873 13892 215
13886 13903 213
13916 13931 194
13938 13970 156
13964 13965 298
13966 13989 28
13966 13994 133
13988 14009 193
14003 14038 278
14027 14069 49
14028 14069 128
14051 14090 233
14061 14076 229
14074 14084 6
14089 14105 265
14108 14136 150
14114 14117 105
14130 14174 230
14149 14179 8
14177 14223 221
14177 14223 77
14189 14196 291
14193 14241 107
14223 14224 74
14236 14274 159
14248 14291 202
14256 14269 194
14273 14319 117
14302 14352 49
14311 14318 108
14337 14359 256
14346 14364 217
14372 14405 7
14397 14417 204
14419 14431 278
14419 14448 241
14428 14454 103
14445 14464 122
14462 14508 10
14491 14495 38
14520 14559 161
14533 14548 76
14547 14578 118
14569 14607 204
14570 14578 28
14591 14638 145
14602 14614 39
14609 14634 220
14613 14614 197
14625 14655 191
14655 14663 173
14678 14707 215
14705 14742 100
14707 14753 171
14713 14731 186
14738 14777 175
14742 14750 192
