1000
16 63 32
39 65 272
40 80 215
63 87 248
79 94 211
83 112 160
102 139 295
103 149 12
133 154 111
160 206 236
182 218 13
198 216 138
202 211 85
220 247 2
227 252 175
252 253 99
257 273 236
267 288 255
290 314 4
307 312 106
335 358 289
352 381 29
363 413 12
390 397 43
400 402 171
411 431 4
420 470 15
428 441 33
453 494 59
458 502 212
488 511 90
491 513 294
502 504 78
507 515 202
520 530 28
541 562 56
556 571 249
561 610 8
575 582 56
580 617 134
609 646 222
631 663 285
650 661 292
664 672 102
680 714 50
686 709 60
701 703 294
727 777 261
756 769 278
760 809 42
789 832 300
802 821 57
827 855 75
845 851 251
856 891 224
880 910 54
896 898 75
915 921 93
930 933 287
957 1002 297
959 971 65
962 992 160
986 1032 7
1014 1061 48
1024 1072 270
1041 1049 217
1064 1095 32
1064 1084 76
1089 1106 115
1117 1128 139
1141 1159 68
1169 1201 244
1185 1223 11
1204 1213 250
1227 1252 100
1237 1270 50
1242 1247 115
1253 1290 184
1259 1297 84
1277 1297 230
1281 1306 270
1288 1293 117
1294 1333 161
1309 1317 138
1328 1353 126
1339 1361 278
1352 1371 51
1363 1373 204
1368 1405 165
1386 1435 88
1391 1419 285
1396 1430 155
1408 1451 13
1413 1420 261
1417 1460 242
1442 1447 226
1451 1483 25
1452 1496 141
1469 1494 286
1490 1504 240
1494 1534 279
1511 1538 132
1523 1556 94
1539 1547 178
1558 1570 88
1575 1617 277
1602 1626 42
1606 1655 35
1626 1674 288
1636 1642 251
1660 1705 246
1663 1710 284
1688 1701 294
1712 1718 282
1724 1730 34
1725 1730 101
1747 1765 33
1777 1792 163
1807 1843 204
1816 1823 123
1845 1881 133
1860 1894 145
1890 1908 255
1917 1923 228
1946 1984 163
1959 1977 54
1986 1992 3
1999 2003 181
2013 2048 65
2015 2028 19
2026 2075 274
2049 2089 200
2058 2102 149
2072 2119 46
2096 2119 44
2110 2115 292
2119 2126 216
2138 2160 52
2141 2148 210
2141 2173 31
2159 2160 51
2165 2176 234
2171 2186 184
2201 2219 160
2227 2229 66
2242 2268 208
2243 2258 66
2263 2274 15
2268 2295 179
2281 2297 196
2283 2333 124
2298 2335 110
2317 2331 229
2335 2380 92
2349 2384 116
2374 2414 83
2388 2411 278
2414 2444 159
2433 2462 234
2444 2448 214
2462 2498 21
2463 2510 277
2493 2498 170
2510 2550 149
2525 2539 171
2535 2550 103
2556 2593 138
2586 2617 112
2590 2624 54
2607 2611 231
2617 2631 12
2629 2640 25
2639 2663 120
2643 2652 87
2664 2667 126
2691 2720 27
2717 2763 60
2739 2765 203
2759 2786 12
2761 2796 112
2767 2802 300
2793 2813 215
2797 2808 170
2823 2829 281
2845 2867 119
2846 2849 270
2863 2898 42
2882 2888 98
2907 2934 124
2929 2976 19
2937 2977 243
2957 2984 215
2967 3009 142
2995 2996 57
3006 3022 186
3022 3051 276
3026 3046 208
3040 3083 210
3041 3048 144
3046 3057 289
3048 3095 103
3051 3082 194
3077 3112 71
3094 3098 183
3100 3130 168
3103 3124 161
3107 3141 167
3135 3142 83
3145 3186 90
3146 3147 96
3168 3214 64
3190 3200 267
3191 3196 67
3203 3209 258
3225 3239 247
3246 3282 186
3257 3283 21
3282 3301 14
3310 3347 55
3326 3376 282
3349 3390 223
3370 3418 44
3381 3430 95
3391 3425 195
3409 3441 147
3428 3466 177
3449 3491 160
3466 3468 23
3473 3479 260
3480 3495 282
3507 3551 146
3537 3562 110
3566 3592 238
3583 3605 139
3591 3615 257
3591 3622 185
3612 3652 195
3618 3663 37
3629 3677 16
3648 3668 89
3664 3709 16
3691 3709 9
3700 3741 108
3701 3724 248
3724 3748 37
3751 3796 288
3776 3782 107
3800 3847 215
3815 3865 180
3817 3822 105
3830 3867 79
3846 3894 72
3855 3900 128
3872 3917 2
3886 3898 164
3915 3933 253
3933 3963 143
3963 3971 8
3972 4014 189
4002 4019 68
4005 4046 207
4008 4040 221
4024 4051 191
4051 4080 189
4067 4076 294
4084 4103 54
4102 4151 278
4119 4162 39
4130 4141 161
4142 4151 99
4172 4197 85
4197 4220 28
4202 4246 101
4210 4241 257
4228 4259 110
4255 4278 244
4285 4315 17
4292 4333 273
4302 4334 45
4316 4340 216
4326 4363 199
4349 4398 19
4369 4400 7
4370 4407 71
4399 4441 71
4401 4431 63
4431 4460 257
4433 4469 288
4450 4461 183
4454 4477 82
4471 4504 266
4496 4525 53
4517 4531 89
4528 4577 151
4551 4579 259
4556 4588 131
4572 4594 74
4580 4607 127
4588 4602 242
4608 4638 126
4632 4682 114
4650 4691 251
4660 4679 300
4690 4739 207
4697 4704 18
4706 4712 6
4728 4751 201
4731 4758 267
4745 4775 238
4771 4793 9
4794 4812 41
4819 4833 51
4849 4878 266
4878 4928 145
4889 4936 21
4897 4931 12
4911 4956 269
4923 4924 234
4949 4998 167
4969 5017 187
4975 4980 107
4979 4998 37
4989 5031 158
4996 5043 238
5000 5039 194
5021 5061 106
5029 5048 81
5034 5074 275
5036 5071 69
5036 5071 115
5041 5060 97
5066 5097 34
5077 5097 257
5086 5130 271
5099 5113 144
5110 5117 104
5133 5140 196
5145 5179 250
5161 5162 243
5178 5203 131
5191 5236 237
5219 5246 152
5243 5291 270
5247 5278 214
5257 5272 185
5269 5276 64
5277 5317 155
5280 5286 70
5285 5325 44
5307 5352 32
5319 5356 157
5333 5376 284
5345 5363 64
5360 5375 274
5365 5398 54
5385 5413 207
5396 5414 201
5422 5450 9
5434 5447 142
5439 5452 103
5469 5473 31
5479 5512 143
5481 5530 77
5503 5521 27
5510 5544 71
5527 5545 221
5528 5564 164
5554 5584 237
5555 5584 166
5582 5610 1
5599 5605 149
5607 5623 179
5615 5659 93
5645 5647 274
5664 5714 261
5694 5709 255
5716 5726 138
5736 5778 59
5736 5785 57
5744 5752 21
5754 5759 136
5773 5790 271
5799 5827 156
5811 5838 125
5817 5836 196
5846 5856 81
5859 5902 106
5867 5896 224
5869 5896 10
5894 5900 264
5909 5930 204
5936 5961 215
5958 5984 194
5965 5998 23
5975 5981 121
5975 6023 126
6000 6002 38
6019 6062 129
6046 6096 135
6073 6107 224
6095 6119 229
6108 6113 258
6116 6138 279
6145 6171 89
6146 6168 174
6175 6185 26
6178 6180 74
6179 6218 230
6186 6232 3
6212 6238 118
6219 6269 59
6237 6250 151
6259 6265 250
6283 6288 28
6313 6325 16
6335 6341 279
6351 6380 298
6368 6369 155
6391 6400 6
6419 6429 211
6448 6493 151
6470 6500 56
6498 6513 178
6518 6539 176
6518 6550 157
6525 6550 227
6539 6545 25
6567 6603 124
6578 6618 252
6578 6584 74
6596 6601 178
6605 6634 270
6616 6627 139
6646 6652 190
6670 6678 215
6696 6728 166
6721 6769 11
6734 6737 158
6760 6793 224
6786 6827 81
6815 6847 34
6816 6837 274
6835 6845 19
6855 6868 210
6868 6889 94
6868 6915 268
6870 6915 234
6893 6910 281
6917 6950 81
6938 6952 277
6968 6991 101
6972 6984 237
6980 6984 193
7007 7057 196
7030 7067 206
7052 7057 196
7068 7104 71
7082 7128 39
7098 7107 160
7104 7136 181
7106 7138 203
7116 7122 151
7119 7127 5
7120 7148 107
7125 7140 227
7136 7179 49
7140 7186 267
7144 7177 274
7157 7162 27
7165 7208 59
7173 7220 282
7179 7189 17
7184 7207 8
7206 7235 285
7222 7234 160
7231 7260 188
7253 7298 245
7259 7284 176
7264 7297 245
7272 7317 99
7283 7324 15
7287 7318 273
7303 7306 240
7310 7341 72
7316 7357 139
7323 7358 113
7335 7380 54
7337 7369 278
7344 7351 17
7372 7374 23
7401 7415 94
7408 7458 213
7435 7478 105
7443 7477 275
7444 7478 197
7452 7470 20
7477 7511 130
7489 7506 202
7492 7497 51
7493 7498 251
7516 7537 271
7531 7580 292
7556 7564 32
7562 7581 273
7586 7594 70
7601 7635 53
7623 7649 230
7624 7652 77
7624 7657 267
7624 7633 147
7640 7668 167
7652 7665 299
7674 7675 297
7696 7701 159
7720 7721 195
7744 7774 123
7772 7795 181
7783 7787 282
7809 7816 71
7832 7870 286
7851 7852 199
7869 7871 244
7891 7940 176
7902 7922 169
7908 7933 243
7913 7947 20
7917 7947 226
7922 7923 39
7926 7943 2
7940 7968 176
7955 8000 116
7955 8005 179
7969 7998 237
7999 8002 185
8023 8045 184
8047 8072 264
8068 8102 173
8091 8104 203
8102 8109 61
8117 8165 182
8128 8139 6
8142 8162 108
8172 8175 129
8198 8238 119
8211 8234 212
8237 8243 4
8261 8290 251
8281 8307 103
8294 8338 123
8297 8340 278
8297 8326 8
8317 8357 272
8343 8360 215
8344 8372 257
8361 8381 150
8364 8365 35
8374 8406 108
8382 8388 141
8400 8438 196
8429 8447 35
8434 8461 237
8441 8477 225
8469 8485 194
8486 8487 226
8515 8519 53
8521 8530 106
8533 8562 190
8540 8582 232
8540 8543 5
8548 8563 167
8572 8591 66
8593 8628 120
8607 8624 258
8628 8637 71
8630 8655 97
8652 8670 251
8671 8693 263
8680 8708 113
8705 8734 23
8723 8740 34
8750 8771 154
8765 8783 117
8793 8810 225
8810 8834 85
8820 8854 71
8824 8872 269
8845 8855 284
8853 8894 300
8860 8893 183
8860 8888 186
8890 8895 238
8891 8933 294
8910 8946 285
8919 8950 231
8924 8941 196
8952 8993 268
8961 8974 45
8969 8974 147
8969 8993 67
8984 8998 195
9013 9037 47
9023 9030 249
9052 9077 229
9073 9120 274
9095 9126 59
9103 9146 288
9111 9135 75
9126 9161 106
9132 9147 223
9156 9183 266
9174 9186 171
9175 9179 44
9188 9196 153
9191 9193 105
9194 9217 260
9207 9229 62
9230 9261 224
9256 9305 41
9277 9296 290
9293 9322 176
9309 9345 147
9339 9388 45
9344 9357 46
9372 9402 223
9373 9404 268
9389 9399 267
9389 9426 103
9417 9464 216
9446 9463 291
9474 9523 288
9476 9496 31
9492 9520 55
9500 9528 27
9500 9549 232
9519 9530 47
9529 9530 292
9557 9575 211
9575 9585 13
9579 9625 281
9596 9636 28
9606 9633 160
9622 9624 83
9634 9669 158
9642 9655 199
9661 9705 104
9670 9718 264
9686 9690 234
9704 9727 137
9726 9731 79
9743 9756 244
9773 9790 222
9782 9784 186
9785 9792 59
9788 9799 37
9801 9803 147
9814 9825 156
9818 9865 74
9823 9835 80
9825 9830 20
9833 9867 19
9845 9884 42
9855 9905 264
9875 9924 26
9883 9910 75
9893 9905 193
9900 9943 252
9923 9945 71
9950 9976 236
9967 9988 248
9967 10010 259
9996 10003 72
10020 10026 70
10027 10049 288
10028 10053 56
10053 10055 248
10056 10070 5
10057 10095 199
10057 10059 89
10073 10099 81
10100 10142 185
10130 10172 285
10157 10191 17
10172 10203 294
10196 10220 97
10217 10220 127
10244 10283 127
10245 10276 249
10263 10294 212
10292 10322 200
10293 10335 1
10315 10327 157
10318 10321 211
10327 10369 94
10328 10345 83
10353 10387 196
10381 10430 108
10392 10416 278
10398 10436 127
10412 10434 225
10418 10433 290
10428 10452 66
10458 10481 286
10460 10478 196
10461 10493 229
10479 10525 240
10494 10524 137
10507 10527 160
10537 10540 151
10563 10613 267
10574 10585 150
10593 10633 214
10599 10623 101
10602 10617 55
10626 10649 237
10649 10661 217
10667 10668 203
10697 10740 166
10708 10735 249
10723 10733 267
10736 10771 94
10743 10748 26
10745 10750 182
10745 10776 294
10757 10760 250
10784 10800 126
10794 10830 108
10810 10821 215
10840 10882 73
10867 10886 27
10887 10899 104
10912 10952 37
10925 10940 264
10938 10961 157
10939 10953 192
10962 10976 68
10973 10998 151
10999 11015 293
11027 11053 102
11038 11061 75
11047 11094 227
11063 11075 238
11093 11097 272
11116 11130 163
11119 11131 13
11134 11181 120
11146 11173 139
11149 11174 111
11173 11210 69
11187 11196 43
11196 11246 112
11203 11237 173
11229 11261 40
11253 11267 263
11261 11284 2
11271 11292 103
11291 11336 36
11310 11328 44
11314 11322 118
11323 11368 244
11340 11353 231
11359 11382 198
11381 11418 125
11384 11407 216
11390 11411 136
11405 11417 225
11407 11448 240
11410 11457 71
11437 11451 274
11443 11446 26
11471 11474 44
11477 11508 112
11495 11538 222
11520 11557 271
11540 11550 59
11555 11564 267
11568 11605 26
11597 11602 297
11604 11634 181
11629 11678 71
11634 11684 226
11654 11669 278
11660 11693 73
11680 11698 266
11693 11720 76
11718 11729 231
11740 11788 49
11757 11761 257
11781 11803 139
11794 11819 186
11806 11840 183
11834 11866 87
11846 11891 157
11854 11884 143
11880 11883 24
11903 11950 127
11909 11920 203
11934 11962 248
11951 11979 136
11974 12024 15
11977 11986 196
11986 12002 274
11993 12040 108
12011 12057 192
12035 12049 70
12051 12060 47
12069 12102 112
12094 12101 10
12115 12117 117
12145 12188 170
12155 12203 258
12160 12209 248
12173 12177 125
12194 12200 241
12217 12238 216
12241 12251 250
12249 12250 238
12266 12314 155
12286 12329 152
12315 12353 101
12329 12367 299
12344 12358 74
12370 12390 150
12385 12409 106
12405 12419 3
12429 12461 225
12441 12480 193
12448 12449 165
12470 12487 82
12492 12532 21
12501 12535 250
12522 12568 241
12527 12577 83
12551 12560 78
12555 12600 200
12564 12594 123
12587 12601 186
12615 12623 204
12617 12651 262
12642 12660 146
12659 12666 148
12685 12727 167
12715 12750 118
12727 12751 282
12745 12764 175
12751 12755 159
12762 12798 51
12783 12827 197
12795 12827 130
12796 12801 227
12822 12864 54
12824 12866 262
12835 12877 296
12843 12876 289
12871 12880 293
12894 12940 156
12914 12957 74
12930 12953 181
12936 12942 165
12956 12966 260
12960 12963 75
12978 12991 6
12994 13018 20
12994 13011 149
12999 13011 221
13022 13032 159
13040 13061 48
13053 13080 85
13064 13071 184
13079 13117 93
13100 13143 138
13122 13127 104
13144 13185 128
13149 13179 193
13158 13179 152
13160 13203 157
13172 13213 237
13182 13190 273
13209 13250 172
13222 13242 92
13238 13282 231
13261 13281 18
13283 13328 194
13304 13316 112
13317 13345 77
13337 13387 213
13340 13387 50
13366 13385 3
13376 13400 273
13402 13449 129
13409 13418 187
13435 13436 231
13463 13479 227
13471 13516 253
13479 13494 45
13491 13515 229
13502 13511 261
13522 13524 197
13533 13538 220
13547 13584 213
13549 13554 79
13568 13592 46
13583 13588 144
13593 13618 100
13617 13647 80
13642 13671 101
13643 13656 210
13664 13695 174
13675 13685 248
13689 13693 153
13710 13720 248
13719 13721 294
13735 13780 288
13754 13787 4
13754 13792 79
13782 13826 248
13787 13813 243
13802 13839 1
13819 13835 123
13839 13865 267
13869 13890 239
13881 13892 206
13899 13942 294
13905 13954 184
13925 13944 121
13934 13975 63
13955 14000 288
13977 13989 106
14002 14022 197
14006 14034 111
14012 14021 234
14031 14061 102
14049 14061 257
14064 14101 165
14088 14089 41
14103 14122 153
14124 14125 293
14145 14148 132
14173 14220 59
14186 14196 169
14195 14234 193
14217 14233 231
14237 14287 242
14248 14260 1
14254 14303 295
14272 14292 36
14275 14324 11
14277 14292 239
14280 14320 297
14303 14313 60
14321 14346 247
14345 14362 108
14363 14405 177
14380 14388 66
14386 14392 87
14399 14408 240
14416 14462 67
14417 14466 236
14420 14431 300
14426 14456 273
14446 14478 193
14452 14480 20
14457 14477 155
14476 14514 103
14486 14495 283
14503 14518 70
14510 14529 260
14517 14562 96
14519 14567 215
14535 14548 197
14549 14571 268
14564 14577 69
14568 14608 263
14574 14612 228
14597 14639 33
14625 14669 193
14641 14662 107
14654 14699 181
14655 14697 94
14656 14664 106
14661 14689 290
14675 14697 135
14686 14699 12
14691 14708 63
14699 14728 55
14699 14740 143
14719 14750 210
14738 14764 24
14750 14760 97
14772 14818 79
14791 14801 160
14801 14839 250
14817 14822 57
14819 14846 72
14826 14848 82
14855 14876 104
14858 14904 207
14883 14929 120
14897 14933 80
14921 14949 161
14951 14998 298
