1000
3 25 231
22 60 173
49 58 115
62 100 138
85 111 245
100 106 277
111 125 181
117 144 185
143 171 138
162 205 124
181 183 221
196 241 86
217 251 173
232 253 200
246 249 293
251 290 132
253 259 65
263 264 210
291 329 96
305 345 260
325 367 30
349 357 210
361 378 143
386 401 3
401 435 42
422 423 46
450 454 152
452 471 145
452 469 169
457 466 81
482 488 87
497 530 292
505 548 265
530 556 229
558 597 190
564 583 225
570 603 238
570 590 209
585 615 91
598 611 98
601 645 27
631 669 280
639 681 236
654 697 108
672 712 106
681 727 2
691 704 56
698 721 29
716 717 264
717 751 276
732 738 237
749 761 264
750 782 209
759 797 267
788 799 244
795 841 72
809 849 20
822 872 216
849 863 286
853 901 94
880 927 179
910 936 249
937 969 3
965 997 25
974 999 234
1001 1007 156
1005 1015 213
1034 1076 159
1040 1047 200
1053 1058 86
1060 1066 88
1072 1083 168
1089 1091 137
1115 1164 144
1116 1117 80
1130 1135 223
1143 1161 79
1158 1170 94
1161 1185 69
1179 1217 147
1205 1245 184
1230 1258 48
1253 1261 147
1267 1288 256
1296 1298 91
1320 1364 45
1326 1376 196
1334 1343 219
1345 1370 280
1353 1384 242
1353 1381 78
1376 1410 189
1387 1426 88
1414 1419 82
1442 1450 160
1465 1510 223
1486 1528 97
1497 1525 213
1499 1513 34
1503 1519 61
1505 1534 134
1523 1561 62
1527 1549 50
1529 1576 5
1529 1567 206
1546 1567 272
1550 1551 176
1572 1616 48
1586 1602 44
1606 1628 159
1625 1636 274
1629 1630 71
1633 1653 119
1637 1677 106
1664 1676 142
1694 1744 21
1713 1745 76
1719 1727 214
1731 1750 115
1734 1779 222
1754 1787 59
1781 1806 29
1797 1842 261
1802 1813 298
1806 1819 30
1822 1871 298
1847 1873 110
1855 1899 41
1877 1901 105
1897 1907 192
1913 1928 183
1940 1957 269
1941 1989 263
1946 1952 53
1954 1995 156
1981 2012 77
2001 2039 102
2017 2040 246
2023 2064 176
2032 2049 90
2047 2052 16
2070 2078 105
2083 2106 188
2087 2130 33
2101 2130 227
2122 2171 11
2140 2163 192
2158 2201 201
2162 2174 116
2170 2211 266
2197 2232 124
2209 2243 229
2216 2266 193
2226 2255 75
2250 2281 6
2252 2282 133
2269 2287 215
2292 2314 233
2292 2301 240
2316 2358 113
2334 2356 168
2347 2378 25
2354 2402 300
2361 2365 144
2364 2402 71
2378 2415 226
2400 2448 263
2414 2439 63
2436 2443 59
2436 2482 109
2452 2488 110
2472 2480 7
2482 2507 161
2510 2538 129
2531 2567 287
2555 2558 227
2576 2594 222
2580 2600 117
2585 2611 293
2603 2633 223
2612 2626 103
2628 2662 181
2629 2646 65
2656 2660 48
2672 2698 173
2686 2732 208
2706 2730 234
2730 2746 167
2752 2769 64
2781 2794 275
2798 2808 236
2799 2822 230
2814 2860 161
2838 2865 147
2853 2857 76
2880 2895 10
2883 2895 52
2909 2930 295
2931 2932 29
2954 2989 11
2955 2967 75
2981 2997 158
2996 3006 231
3016 3063 49
3038 3071 295
3057 3095 224
3060 3080 32
3079 3123 201
3085 3128 242
3100 3125 256
3125 3168 215
3148 3165 243
3163 3179 264
3174 3204 224
3192 3240 6
3213 3252 268
3233 3277 243
3257 3276 87
3279 3316 47
3305 3315 45
3324 3332 107
3349 3361 175
3374 3383 4
3374 3385 259
3403 3435 297
3414 3441 223
3436 3457 79
3445 3468 108
3445 3489 36
3463 3508 259
3477 3524 79
3491 3519 72
3507 3547 185
3519 3522 298
3543 3576 285
3550 3593 130
3560 3563 268
3568 3585 194
3568 3617 138
3598 3618 244
3609 3647 156
3610 3654 87
3627 3672 236
3644 3646 182
3644 3671 38
3661 3662 273
3685 3729 188
3697 3734 93
3700 3742 130
3716 3756 249
3735 3766 123
3749 3761 277
3750 3791 249
3775 3817 128
3800 3824 80
3801 3802 174
3816 3865 133
3839 3884 8
3846 3892 52
3853 3874 80
3871 3909 230
3883 3904 148
3883 3915 200
3896 3923 110
3902 3927 231
3927 3928 231
3942 3984 123
3957 4004 249
3986 4023 175
4001 4047 231
4027 4053 46
4048 4051 224
4072 4086 198
4079 4124 139
4097 4145 129
4113 4137 270
4123 4150 80
4133 4159 285
4155 4203 105
4159 4186 124
4169 4189 25
4197 4238 294
4213 4227 255
4218 4219 39
4224 4226 187
4231 4251 135
4239 4254 186
4251 4265 104
4275 4299 271
4280 4324 289
4297 4309 236
4299 4315 255
4328 4343 123
4335 4373 297
4347 4360 76
4364 4386 54
4392 4402 121
4402 4425 256
4410 4452 253
4440 4462 200
4448 4469 87
4476 4522 260
4504 4528 83
4524 4537 272
4553 4581 111
4568 4617 55
4586 4625 192
4601 4639 83
4630 4651 249
4652 4680 244
4681 4708 178
4697 4699 69
4703 4730 171
4709 4751 266
4733 4753 239
4753 4789 231
4759 4773 95
4780 4830 227
4792 4829 155
4796 4842 217
4800 4837 213
4828 4846 178
4832 4834 257
4840 4855 167
4846 4879 274
4849 4863 153
4862 4907 25
4883 4930 154
4905 4944 96
4926 4960 300
4953 4970 179
4966 4971 195
4996 5034 109
5010 5026 190
5034 5074 14
5051 5054 3
5071 5095 178
5078 5088 79
5079 5129 121
5100 5128 12
5113 5162 62
5134 5182 61
5149 5186 219
5169 5197 79
5196 5224 88
5207 5217 75
5213 5226 265
5216 5228 211
5232 5266 60
5237 5281 261
5254 5263 109
5259 5267 121
5266 5306 206
5287 5336 48
5309 5316 166
5317 5335 143
5323 5328 181
5348 5383 288
5366 5381 154
5377 5404 94
5401 5404 185
5431 5463 132
5446 5470 91
5460 5489 150
5467 5517 26
5489 5501 250
5492 5509 119
5507 5548 214
5536 5544 92
5559 5598 2
5561 5574 137
5574 5589 285
5578 5617 292
5582 5610 19
5610 5657 4
5627 5629 142
5638 5670 244
5644 5646 265
5670 5690 259
5681 5686 135
5707 5717 56
5715 5719 171
5727 5745 159
5736 5783 136
5736 5785 280
5762 5784 74
5773 5785 128
5803 5819 93
5830 5856 120
5855 5863 45
5871 5920 118
5898 5940 28
5913 5935 292
5933 5978 38
5936 5965 254
5953 5954 267
5974 6010 51
5995 6033 102
6012 6036 300
6035 6083 55
6049 6067 113
6062 6081 227
6078 6084 289
6103 6141 170
6106 6136 106
6113 6162 135
6122 6158 201
6145 6190 47
6159 6190 40
6188 6217 62
6191 6218 285
6214 6222 218
6243 6286 206
6270 6307 49
6275 6297 68
6299 6340 128
6321 6339 138
6348 6394 249
6357 6404 192
6375 6425 74
6393 6427 169
6409 6433 106
6433 6468 6
6444 6489 210
6449 6480 80
6451 6490 58
6460 6491 287
6460 6474 194
6475 6479 201
6488 6500 117
6518 6549 158
6522 6558 143
6525 6534 121
6546 6579 81
6546 6556 251
6573 6581 200
6600 6643 265
6620 6634 175
6647 6675 174
6674 6693 292
6684 6708 110
6714 6742 241
6744 6748 187
6758 6786 257
6775 6810 272
6805 6827 95
6820 6828 276
6826 6861 268
6844 6882 83
6852 6870 245
6873 6903 14
6901 6934 133
6913 6914 287
6925 6956 271
6952 6955 204
6959 7000 97
6980 6988 183
6995 7013 293
6997 7025 205
6999 7014 209
7006 7016 94
7010 7058 175
7040 7078 4
7046 7085 213
7060 7110 144
7080 7113 77
7083 7116 8
7106 7128 162
7117 7121 196
7139 7159 266
7140 7169 230
7165 7172 152
7186 7193 112
7202 7220 78
7226 7243 5
7252 7255 29
7254 7265 73
7269 7306 242
7290 7339 189
7298 7315 287
7325 7341 150
7349 7397 157
7350 7388 292
7373 7382 88
7379 7407 275
7408 7455 57
7436 7442 241
7438 7484 262
7441 7444 243
7464 7493 226
7475 7513 209
7489 7505 200
7514 7526 94
7543 7560 78
7550 7587 100
7577 7606 180
7605 7653 22
7627 7642 42
7640 7677 93
7663 7693 239
7681 7725 193
7699 7700 145
7712 7758 248
7732 7758 80
7733 7755 75
7760 7799 115
7763 7806 16
7783 7825 164
7791 7798 144
7794 7812 72
7804 7806 259
7826 7874 120
7834 7877 107
7844 7865 49
7847 7890 182
7862 7892 128
7871 7916 181
7871 7875 291
7882 7894 283
7886 7935 59
7886 7934 45
7899 7909 235
7916 7918 47
7918 7938 207
7928 7978 159
7931 7943 281
7957 7997 53
7970 7977 28
7976 8013 98
7977 7988 157
7996 8043 153
8024 8039 228
8053 8086 22
8071 8098 229
8077 8081 142
8107 8146 148
8109 8111 213
8109 8124 71
8109 8131 209
8139 8167 99
8156 8165 280
8179 8180 166
8200 8224 46
8210 8260 40
8220 8256 90
8220 8251 249
8241 8262 110
8261 8284 291
8288 8336 161
8297 8339 156
8306 8348 160
8335 8358 43
8336 8384 276
8358 8379 125
8358 8402 30
8364 8375 107
8390 8401 134
8409 8441 244
8429 8458 155
8437 8486 121
8450 8453 43
8452 8483 166
8477 8518 86
8478 8492 102
8505 8550 246
8522 8538 88
8537 8556 232
8563 8571 3
8576 8611 233
8577 8613 190
8585 8631 115
8598 8601 276
8608 8625 149
8617 8647 84
8640 8656 292
8662 8674 31
8672 8696 291
8674 8719 272
8700 8709 34
8714 8724 265
8718 8719 263
8724 8763 118
8751 8787 110
8777 8818 258
8783 8784 106
8806 8818 237
8835 8840 255
8843 8892 187
8860 8887 274
8865 8890 148
8877 8909 224
8886 8911 199
8888 8903 63
8914 8936 30
8938 8964 221
8965 8986 159
8990 9016 294
9003 9038 240
9023 9048 89
9035 9047 93
9045 9063 192
9057 9059 161
9078 9088 198
9089 9101 252
9119 9146 187
9148 9187 260
9175 9195 215
9202 9223 284
9202 9221 168
9202 9208 207
9208 9220 188
9214 9246 94
9234 9238 286
9248 9293 163
9277 9286 229
9293 9312 3
9310 9315 69
9315 9364 202
9324 9328 176
9336 9373 200
9359 9388 85
9384 9403 72
9398 9427 66
9401 9433 214
9409 9440 117
9429 9465 25
9438 9485 177
9456 9460 190
9481 9492 143
9511 9516 30
9511 9537 198
9539 9543 82
9554 9599 36
9584 9605 81
9593 9616 53
9604 9644 34
9615 9640 224
9634 9636 131
9634 9637 196
9647 9663 248
9666 9706 292
9682 9691 122
9703 9704 229
9724 9755 203
9726 9768 6
9750 9768 86
9752 9791 189
9768 9786 9
9786 9832 27
9814 9837 195
9842 9877 84
9843 9893 259
9854 9882 70
9877 9884 297
9903 9922 112
9927 9965 100
9950 9984 43
9961 9986 164
9970 9993 35
9987 10030 272
10006 10043 194
10011 10017 17
10036 10061 300
10038 10082 46
10058 10104 223
10077 10122 92
10103 10121 34
10118 10140 160
10144 10147 228
10148 10173 38
10173 10207 212
10201 10247 128
10229 10247 111
10248 10296 25
10274 10305 36
10279 10307 19
10291 10329 117
10308 10351 231
10318 10366 39
10320 10321 274
10333 10351 102
10349 10365 186
10355 10400 192
10366 10409 135
10366 10372 204
10396 10401 292
10399 10428 246
10421 10468 260
10440 10460 115
10451 10483 83
10475 10521 224
10505 10525 127
10529 10565 218
10541 10573 261
10563 10591 193
10578 10618 196
10592 10642 152
10602 10630 54
10617 10649 68
10623 10655 79
10645 10680 121
10659 10695 127
10689 10701 75
10718 10725 204
10746 10757 92
10769 10779 294
10790 10837 189
10807 10819 43
10817 10840 126
10846 10890 97
10849 10855 217
10869 10919 282
10895 10945 203
10906 10913 262
10931 10962 11
10953 10994 211
10970 10981 278
10988 10991 81
11001 11010 102
11015 11042 203
11015 11035 286
11017 11067 268
11025 11056 81
11039 11045 196
11054 11103 250
11059 11089 184
11070 11118 197
11075 11123 237
11076 11103 52
11076 11108 118
11105 11143 27
11111 11140 91
11130 11134 93
11158 11165 131
11165 11186 141
11168 11177 229
11186 11210 239
11190 11202 236
11192 11193 72
11215 11258 261
11231 11280 144
11237 11255 24
11261 11292 187
11276 11307 300
11293 11323 59
11310 11326 87
11331 11342 59
11350 11392 2
11369 11395 55
11372 11384 186
11377 11385 47
11397 11437 49
11423 11443 15
11443 11452 129
11458 11487 116
11467 11501 82
11488 11489 40
11493 11497 22
11496 11539 128
11521 11566 35
11523 11563 159
11550 11588 49
11579 11598 218
11592 11611 261
11598 11635 6
11613 11635 185
11626 11653 153
11643 11648 220
11654 11667 228
11671 11720 119
11683 11708 168
11712 11722 14
11722 11751 143
11736 11785 262
11760 11769 23
11780 11807 193
11809 11829 98
11820 11863 252
11820 11832 282
11822 11839 205
11851 11891 51
11861 11885 189
11888 11909 159
11897 11923 60
11911 11951 44
11925 11949 213
11931 11950 128
11936 11948 92
11951 11971 49
11976 11989 88
11981 12016 139
12002 12035 239
12017 12042 132
12044 12052 199
12058 12069 130
12059 12082 219
12064 12112 52
12073 12095 105
12082 12116 186
12112 12138 140
12130 12178 257
12146 12165 157
12172 12192 262
12174 12205 262
12194 12237 296
12223 12264 210
12247 12293 184
12272 12303 298
12296 12313 12
12318 12354 175
12323 12368 229
12334 12335 148
12358 12373 291
12380 12392 17
12404 12422 140
12406 12423 279
12436 12454 211
12456 12457 99
12486 12487 90
12507 12528 111
12510 12529 210
12540 12575 280
12553 12591 11
12579 12601 55
12581 12593 176
12597 12646 146
12606 12635 78
12619 12626 169
12636 12649 6
12664 12676 26
12673 12695 213
12703 12743 230
12733 12766 115
12759 12789 285
12788 12836 156
12806 12816 75
12835 12865 299
12862 12864 68
12889 12933 228
12914 12921 198
12915 12954 195
12937 12969 279
12942 12956 159
12969 12996 87
12984 13031 44
13008 13057 173
13027 13064 67
13051 13083 15
13071 13087 172
13094 13138 253
13117 13131 259
13135 13181 128
13158 13159 12
13173 13209 152
13191 13227 156
13199 13202 221
13226 13253 244
13232 13247 172
13244 13258 194
13272 13290 262
13281 13325 18
13292 13317 193
13307 13315 20
13322 13358 233
13351 13394 206
13359 13366 225
13389 13402 283
13399 13404 31
13401 13413 81
13403 13443 67
13426 13445 47
13440 13468 202
13445 13448 108
13463 13508 34
13481 13527 13
13503 13528 248
13529 13541 230
13551 13576 109
13568 13589 3
13571 13597 53
13578 13580 125
13605 13613 170
13635 13655 183
13654 13657 188
13679 13729 45
13684 13700 232
13695 13732 55
13695 13743 223
13705 13719 31
13717 13746 296
13737 13777 156
13764 13805 86
13775 13811 226
13790 13826 255
13812 13827 97
13835 13867 176
13864 13867 285
13875 13898 260
13898 13908 25
13927 13940 210
13951 13952 270
13963 13964 213
13967 13969 180
13976 14009 177
13981 13982 105
14007 14039 65
14012 14039 181
14014 14027 211
14025 14048 220
14037 14049 36
14044 14051 200
14061 14081 45
14068 14089 106
14083 14126 1
14101 14124 98
14128 14141 47
14149 14165 50
14149 14185 173
14151 14162 235
14164 14190 62
14184 14234 197
14188 14226 57
14190 14226 105
14204 14220 185
14216 14237 55
14232 14237 244
14259 14306 62
14284 14333 119
14290 14318 274
14316 14336 48
14333 14382 203
14334 14358 182
14358 14371 285
14358 14371 66
14360 14385 285
14373 14379 222
14397 14416 92
14399 14440 162
14417 14449 209
14421 14449 111
14433 14474 59
14447 14481 238
14460 14461 1
14463 14467 63
14468 14518 244
14475 14510 156
14485 14497 204
14492 14525 270
14497 14523 24
14509 14545 60
14539 14556 214
14567 14590 271
14593 14598 106
14600 14613 89
14608 14609 12
14627 14647 266
14629 14632 47
14645 14654 131
14655 14696 233
14672 14710 65
14674 14675 140
14693 14733 144
14718 14742 148
14720 14738 253
14741 14787 118
14748 14794 199
14763 14768 7
14790 14838 251
14805 14844 232
14824 14830 271
14835 14845 160
14835 14873 130
14853 14886 11
14862 14878 43
14891 14937 259
14906 14929 59
14924 14927 233
14944 14982 159
14966 14996 231
14986 14991 253
14994 15026 272
15002 15047 76
15016 15037 251
15033 15054 167
15047 15080 80
15062 15064 199
15067 15083 97
15082 15129 52
15087 15106 248
15102 15152 219
15108 15128 43
15116 15126 264
15124 15169 17
15136 15144 143
15152 15186 270
15156 15163 126
15175 15187 206
15200 15206 69
15201 15234 33
15210 15235 117
