1000
24 58 49
53 70 8
75 88 265
82 84 269
108 158 211
118 147 200
119 128 212
145 173 89
160 187 247
188 190 29
191 193 91
199 215 140
202 227 267
220 235 177
241 275 232
259 280 116
271 275 213
294 311 270
302 320 95
304 328 224
311 358 107
317 332 109
339 382 283
361 409 48
382 392 280
383 394 122
396 435 121
424 452 248
424 462 46
450 459 164
452 497 92
457 491 136
476 515 214
477 515 177
477 480 202
480 481 170
508 539 6
514 547 219
528 569 246
557 596 171
579 585 210
586 609 64
613 619 281
617 657 292
638 642 119
645 689 16
673 711 32
681 688 93
699 729 300
710 728 98
734 780 165
756 797 66
757 789 189
768 784 2
777 801 74
788 818 196
788 836 175
813 816 5
836 847 179
848 870 284
863 868 113
883 908 2
906 955 39
933 974 134
953 987 17
972 990 27
981 1018 93
982 1008 231
1009 1039 36
1031 1067 182
1032 1038 28
1057 1085 130
1066 1094 152
1084 1085 169
1087 1100 167
1095 1138 118
1103 1122 63
1122 1140 281
1130 1160 128
1160 1209 215
1170 1175 256
1200 1221 30
1220 1269 83
1227 1229 273
1255 1273 107
1270 1315 262
1282 1318 70
1284 1294 84
1294 1321 201
1302 1348 49
1302 1321 284
1313 1335 117
1338 1348 203
1353 1397 194
1374 1385 272
1398 1404 43
1415 1463 69
1428 1445 152
1429 1443 133
1459 1477 48
1462 1505 20
1488 1528 230
1497 1536 142
1502 1523 173
1522 1546 60
1527 1557 58
1527 1546 58
1556 1596 64
1581 1615 296
1588 1599 126
1610 1627 189
1627 1648 220
1639 1676 175
1655 1674 53
1665 1706 79
1687 1726 274
1702 1730 133
1723 1755 137
1732 1756 259
1744 1784 156
1771 1799 36
1786 1796 186
1808 1820 93
1815 1847 57
1824 1833 29
1840 1875 150
1859 1872 124
1864 1881 20
1892 1916 262
1895 1938 109
1906 1911 164
1920 1966 168
1931 1964 14
1960 1986 8
1963 1992 246
1973 2016 184
1994 2043 98
2013 2040 158
2029 2074 39
2046 2069 290
2046 2066 185
2063 2091 250
2090 2108 170
2109 2149 223
2117 2130 94
2145 2157 88
2147 2165 126
2159 2173 239
2169 2173 105
2190 2219 60
2220 2246 294
2220 2250 87
2222 2258 26
2242 2271 189
2245 2271 248
2271 2317 5
2291 2298 198
2318 2347 124
2324 2330 11
2330 2358 246
2350 2378 224
2370 2417 216
2377 2389 1
2397 2409 256
2417 2450 214
2422 2453 214
2427 2456 56
2434 2445 110
2453 2495 287
2455 2466 41
2455 2500 82
2455 2487 78
2456 2489 292
2480 2484 86
2493 2508 14
2498 2531 17
2500 2545 247
2513 2542 73
2540 2549 99
2567 2577 172
2587 2625 61
2616 2653 47
2618 2664 202
2623 2663 111
2643 2686 141
2655 2690 18
2677 2723 299
2682 2714 55
2707 2741 114
2709 2747 56
2724 2738 219
2732 2757 184
2750 2773 131
2762 2790 187
2766 2802 255
2775 2813 204
2779 2816 255
2805 2808 62
2815 2853 26
2838 2875 3
2848 2856 182
2852 2866 1
2865 2874 22
2868 2874 199
2893 2942 240
2920 2925 214
2929 2959 217
2943 2957 147
2969 2973 114
2973 3009 38
2993 3019 91
2995 3042 214
3022 3065 108
3051 3052 229
3074 3113 130
3101 3122 300
3108 3144 169
3117 3142 74
3119 3133 224
3141 3171 49
3168 3192 221
3190 3237 215
3193 3209 42
3214 3258 208
3237 3272 78
3263 3278 87
3277 3311 259
3289 3312 289
3315 3319 233
3320 3328 279
3349 3355 16
3379 3390 179
3392 3414 236
3419 3468 88
3448 3468 51
3448 3452 5
3475 3514 164
3490 3498 52
3508 3540 7
3538 3577 291
3550 3586 49
3571 3596 45
3580 3614 272
3607 3608 243
3609 3642 169
3627 3651 93
3633 3670 121
3635 3669 145
3649 3676 159
3675 3713 277
3681 3687 293
3695 3725 19
3703 3705 148
3731 3753 18
3742 3783 200
3766 3814 252
3782 3791 126
3809 3845 115
3826 3869 281
3853 3866 203
3861 3892 294
3881 3929 46
3890 3936 22
3903 3944 77
3919 3952 220
3934 3973 5
3942 3943 117
3947 3980 293
3961 3980 144
3990 4002 32
3999 4002 14
4025 4064 279
4031 4078 114
4037 4053 288
4052 4093 119
4082 4108 294
4107 4125 278
4115 4122 251
4133 4152 129
4152 4197 125
4173 4210 71
4193 4205 262
4209 4212 119
4219 4257 199
4224 4233 32
4244 4272 96
4256 4302 279
4265 4270 37
4293 4337 210
4293 4294 189
4301 4314 40
4318 4357 265
4318 4347 138
4325 4344 170
4338 4387 262
4353 4403 70
4356 4376 131
4377 4403 141
4390 4436 15
4401 4427 204
4407 4408 30
4413 4421 209
4414 4433 237
4441 4459 220
4464 4469 261
4476 4478 133
4499 4507 115
4513 4557 3
4525 4547 123
4540 4583 28
4556 4562 137
4562 4591 281
4571 4580 77
4588 4590 30
4602 4640 165
4625 4635 213
4642 4676 238
4657 4664 172
4683 4690 157
4697 4714 266
4707 4752 15
4717 4756 261
4730 4747 27
4753 4793 53
4769 4794 226
4778 4818 190
4796 4843 167
4817 4842 267
4827 4864 251
4834 4840 139
4861 4865 216
4886 4910 155
4913 4942 162
4939 4948 256
4962 4990 10
4975 5021 196
5004 5038 173
5011 5031 237
5016 5023 142
5038 5075 117
5049 5052 295
5050 5088 281
5051 5066 38
5054 5104 228
5057 5094 35
5087 5134 160
5109 5126 256
5121 5165 229
5131 5136 197
5144 5145 258
5148 5180 141
5167 5200 200
5192 5204 137
5219 5235 71
5228 5278 111
5247 5282 96
5248 5291 262
5270 5314 95
5299 5301 117
5315 5324 292
5335 5355 155
5351 5381 270
5359 5389 233
5359 5361 280
5368 5380 66
5371 5374 70
5397 5423 21
5418 5419 84
5424 5450 109
5438 5445 217
5457 5497 293
5480 5522 150
5483 5509 184
5508 5526 253
5509 5553 106
5525 5530 76
5526 5563 191
5545 5566 51
5546 5548 187
5569 5592 207
5596 5643 214
5598 5638 271
5600 5626 59
5605 5624 130
5631 5665 103
5658 5666 2
5685 5709 126
5714 5720 14
5734 5778 12
5749 5799 53
5766 5783 277
5772 5807 97
5776 5778 35
5788 5816 260
5803 5832 280
5811 5820 270
5827 5875 61
5839 5879 234
5841 5878 222
5847 5886 281
5874 5891 111
5893 5908 193
5903 5918 11
5930 5938 189
5954 5979 106
5969 6001 281
5996 5998 232
6016 6057 256
6025 6034 26
6028 6058 65
6031 6035 167
6041 6062 124
6062 6084 50
6079 6081 166
6079 6112 152
6095 6112 259
6125 6143 8
6155 6189 115
6159 6188 35
6159 6162 76
6169 6209 245
6181 6222 270
6203 6245 173
6212 6222 263
6216 6219 181
6227 6243 202
6242 6268 277
6266 6281 276
6296 6322 242
6307 6350 171
6308 6358 31
6315 6362 91
6331 6356 253
6360 6390 12
6368 6417 218
6372 6415 155
6376 6424 292
6379 6428 110
6388 6435 210
6410 6416 15
6414 6450 226
6417 6418 171
6423 6444 188
6432 6445 272
6462 6505 69
6471 6484 227
6479 6487 260
6504 6544 289
6533 6537 11
6563 6580 154
6573 6595 278
6573 6604 166
6588 6624 273
6609 6628 173
6617 6661 41
6623 6672 111
6647 6696 261
6675 6713 156
6675 6707 277
6698 6717 122
6728 6761 75
6742 6753 187
6766 6781 266
6792 6815 107
6795 6802 57
6823 6852 119
6826 6840 178
6844 6869 97
6874 6881 197
6900 6911 297
6927 6950 31
6954 6979 122
6983 7024 219
7007 7021 7
7036 7082 97
7044 7076 173
7068 7106 129
7089 7115 57
7101 7150 282
7126 7127 225
7127 7162 93
7134 7146 258
7156 7192 129
7174 7183 296
7184 7222 44
7209 7250 10
7231 7254 199
7260 7288 181
7262 7286 113
7281 7291 34
7292 7312 291
7303 7321 67
7304 7326 169
7311 7332 36
7337 7356 164
7359 7376 223
7364 7412 15
7374 7383 228
7395 7423 76
7398 7428 210
7406 7426 248
7423 7460 78
7440 7459 214
7447 7484 138
7472 7486 200
7500 7539 101
7516 7553 106
7519 7522 151
7543 7581 240
7556 7585 106
7581 7631 64
7597 7610 285
7626 7630 168
7631 7671 59
7657 7662 171
7672 7675 15
7692 7734 214
7702 7729 56
7717 7742 43
7724 7751 124
7735 7768 270
7743 7749 156
7767 7771 294
7792 7832 237
7815 7822 275
7826 7851 292
7831 7864 223
7832 7869 125
7854 7865 92
7877 7898 53
7888 7892 177
7895 7943 286
7902 7943 48
7907 7933 45
7929 7941 121
7954 7974 247
7969 7983 51
7973 7977 260
7992 8034 218
7993 8003 246
8000 8048 12
8005 8029 46
8011 8037 234
8018 8023 205
8024 8068 197
8040 8089 264
8041 8083 98
8062 8080 212
8075 8084 108
8081 8116 100
8089 8096 137
8102 8135 92
8107 8114 192
8130 8147 64
8151 8162 163
8165 8195 202
8180 8182 205
8185 8193 31
8191 8212 78
8207 8251 157
8211 8225 138
8232 8247 143
8252 8278 239
8264 8268 111
8268 8296 186
8292 8308 300
8296 8334 3
8315 8325 288
8341 8372 59
8367 8416 252
8377 8382 51
8391 8414 147
8408 8433 147
8409 8439 107
8426 8453 268
8454 8455 125
8480 8493 176
8500 8501 182
8502 8506 37
8522 8545 26
8550 8593 50
8578 8588 143
8583 8631 170
8609 8639 128
8638 8676 233
8650 8671 135
8651 8692 87
8660 8667 196
8663 8679 102
8674 8706 182
8699 8708 64
8729 8746 223
8759 8795 270
8764 8791 34
8783 8807 168
8790 8797 103
8815 8865 174
8845 8856 274
8865 8868 284
8875 8925 10
8901 8909 14
8907 8917 261
8920 8932 271
8943 8974 67
8951 8984 284
8952 8972 85
8963 8977 85
8992 9025 1
9016 9023 120
9045 9052 199
9071 9081 263
9088 9130 75
9101 9112 150
9111 9129 106
9117 9139 34
9144 9153 246
9164 9205 122
9189 9230 135
9209 9258 166
9211 9218 137
9217 9238 140
9219 9231 195
9239 9249 197
9256 9261 274
9283 9294 273
9290 9337 10
9293 9333 165
9312 9350 210
9338 9349 72
9354 9384 298
9365 9414 117
9393 9395 221
9398 9411 268
9423 9442 21
9440 9456 224
9446 9464 234
9458 9466 238
9479 9512 122
9492 9537 192
9504 9510 81
9519 9567 180
9545 9573 164
9563 9593 32
9590 9602 275
9596 9605 202
9600 9620 189
9625 9633 6
9628 9640 269
9631 9632 64
9650 9677 145
9663 9680 291
9683 9691 100
9688 9701 133
9699 9728 275
9725 9770 52
9732 9765 20
9746 9764 124
9753 9794 136
9768 9790 269
9771 9786 287
9778 9824 116
9808 9815 90
9812 9845 109
9827 9829 127
9836 9850 98
9841 9869 178
9868 9869 30
9876 9886 207
9903 9940 140
9930 9952 69
9935 9961 195
9957 9998 20
9972 10022 295
9988 10012 233
10018 10061 217
10043 10078 295
10065 10103 78
10079 10104 299
10082 10091 214
10098 10138 247
10108 10132 246
10122 10154 56
10127 10156 114
10142 10169 150
10162 10191 199
10170 10178 71
10173 10179 44
10197 10215 92
10224 10261 66
10246 10255 196
10248 10282 55
10249 10280 250
10264 10270 211
10264 10310 222
10266 10303 44
10292 10304 120
10311 10350 75
10314 10345 175
10340 10355 292
10370 10395 44
10379 10395 59
10399 10431 187
10413 10423 111
10440 10447 73
10450 10477 288
10455 10473 201
10474 10477 160
10487 10503 160
10502 10532 236
10503 10541 131
10509 10558 242
10527 10548 200
10542 10558 209
10567 10600 69
10597 10631 4
10602 10603 245
10628 10633 88
10652 10677 187
10668 10700 24
10676 10698 262
10686 10725 116
10699 10749 24
10725 10749 291
10732 10756 29
10739 10783 35
10765 10808 175
10779 10784 291
10803 10838 113
10809 10828 202
10826 10847 257
10834 10839 267
10843 10889 160
10853 10883 189
10879 10885 185
10883 10884 263
10905 10929 245
10930 10971 271
10930 10953 197
10945 10994 253
10975 10985 184
10984 10994 201
10995 11034 124
11017 11040 54
11046 11089 264
11060 11095 98
11065 11080 217
11069 11086 214
11078 11106 156
11107 11122 285
11111 11161 179
11115 11150 273
11127 11151 144
11136 11176 269
11165 11194 159
11190 11221 259
11193 11232 123
11214 11239 255
11243 11277 133
11248 11288 290
11262 11303 131
11291 11314 58
11298 11305 15
11325 11372 57
11348 11364 55
11348 11394 55
11355 11356 77
11374 11406 47
11393 11442 168
11408 11431 94
11426 11450 170
11448 11461 79
11469 11471 36
11470 11484 47
11477 11524 267
11491 11521 124
11510 11530 260
11539 11575 118
11560 11586 73
11566 11593 252
11575 11594 108
11602 11635 204
11616 11624 70
11631 11680 209
11636 11639 175
11656 11686 83
11668 11691 151
11696 11739 35
11709 11736 71
11737 11738 266
11763 11788 244
11778 11791 119
11803 11812 203
11821 11843 273
11833 11858 78
11835 11884 241
11845 11885 143
11856 11860 103
11878 11904 116
11904 11917 294
11920 11922 203
11938 11953 111
11953 11984 53
11972 11984 119
11982 12029 221
11996 12031 205
12003 12036 220
12016 12065 175
12044 12090 73
12063 12081 207
12074 12088 246
12084 12112 204
12105 12141 274
12110 12119 193
12116 12166 215
12135 12178 202
12157 12169 210
12187 12209 47
12212 12214 212
12213 12249 42
12222 12244 181
12228 12258 285
12252 12279 199
12262 12266 250
12285 12331 21
12288 12296 194
12318 12342 217
12340 12370 293
12367 12397 212
12376 12384 125
12406 12441 211
12420 12437 99
12447 12489 31
12454 12482 130
12473 12517 295
12495 12544 5
12500 12548 232
12518 12564 233
12532 12545 273
12536 12546 203
12558 12580 235
12586 12589 228
12614 12663 128
12627 12660 170
12627 12662 169
12650 12667 257
12650 12690 202
12673 12694 84
12690 12710 261
12707 12755 15
12734 12753 66
12741 12750 97
12753 12798 54
12777 12801 54
12792 12820 221
12817 12851 41
12837 12869 145
12845 12889 242
12864 12906 216
12886 12901 117
12887 12931 291
12896 12929 121
12926 12928 201
12956 12981 101
12963 13007 229
12984 13017 1
12986 12999 236
13014 13044 136
13016 13027 227
13035 13037 56
13043 13060 293
13058 13092 212
13083 13124 258
13095 13143 115
13102 13121 181
13124 13135 217
13149 13157 67
13158 13161 247
13185 13210 20
13208 13242 120
13235 13281 44
13239 13244 205
13254 13278 130
13267 13271 184
13275 13294 146
13291 13318 186
13311 13318 154
13316 13364 59
13319 13355 269
13325 13332 117
13338 13377 180
13340 13357 37
13358 13382 50
13364 13383 258
13365 13408 172
13365 13373 216
13385 13388 174
13396 13444 90
13408 13417 201
13432 13460 33
13449 13489 217
13466 13492 53
13491 13502 273
13505 13508 67
13505 13517 297
13516 13541 245
13523 13539 237
13537 13575 249
13547 13591 194
13547 13567 251
13574 13602 300
13604 13645 166
13621 13664 107
13635 13681 181
13650 13672 61
13675 13683 229
13685 13727 125
13706 13737 299
13736 13747 284
13753 13759 180
13761 13809 6
13784 13808 268
13811 13814 95
13824 13831 11
13851 13852 268
13859 13884 96
13861 13891 42
13877 13892 243
13896 13926 115
13920 13935 215
13930 13952 106
13957 14005 64
13980 14016 34
13992 14019 124
14018 14057 224
14028 14057 38
14041 14052 232
14071 14081 14
14079 14113 160
14083 14099 294
14094 14100 265
14098 14131 180
14115 14163 188
14140 14144 168
14152 14165 194
14164 14198 251
14173 14181 99
14180 14217 49
14181 14228 73
14203 14236 9
14219 14231 149
14221 14249 259
14250 14286 32
14267 14274 280
14292 14323 147
14302 14342 2
14317 14339 231
14347 14352 114
14367 14402 144
14368 14402 219
14394 14425 95
14398 14402 19
14411 14437 139
14423 14442 176
14424 14454 89
14448 14488 212
14453 14480 168
14477 14507 211
14505 14545 101
14519 14567 276
14548 14552 36
14554 14589 22
14577 14595 24
14593 14636 203
14618 14658 173
14626 14661 76
14648 14658 286
14655 14679 12
14683 14685 123
14684 14710 40
14702 14747 245
14732 14749 92
14737 14759 219
14759 14765 243
14766 14792 123
14781 14796 2
14798 14832 32
14807 14809 57
14826 14862 212
14842 14861 9
14855 14861 86
14861 14880 284
14867 14886 147
14881 14890 205
14904 14925 26
14917 14939 119
14931 14969 118
14943 14971 44
14959 14966 44
14988 15010 60
14998 15015 47
