5000
25 66 69
50 99 180
78 107 210
87 116 169
114 139 43
130 141 129
143 156 218
154 162 75
165 182 147
189 208 33
208 239 27
228 272 204
253 294 236
257 288 290
269 315 245
296 298 300
314 351 295
322 365 33
337 369 114
355 360 204
376 388 158
395 397 28
413 423 31
438 475 24
449 458 217
458 481 138
486 508 20
490 495 164
508 557 73
514 525 194
544 569 62
569 609 32
592 597 257
592 633 164
619 628 155
642 652 295
651 665 223
678 705 206
697 707 292
713 742 158
725 771 148
752 784 130
753 798 102
754 757 213
768 793 170
783 791 202
803 814 256
818 862 72
831 863 56
857 881 54
868 873 192
893 934 244
922 942 156
945 979 11
967 1005 66
980 986 187
994 1036 272
996 1018 118
1007 1010 152
1026 1054 115
1042 1077 147
1071 1108 48
1074 1090 130
1095 1106 132
1124 1148 247
1152 1169 28
1156 1182 99
1179 1225 130
1191 1210 7
1194 1212 96
1210 1224 155
1236 1261 21
1241 1275 200
1267 1291 68
1294 1313 57
1313 1327 124
1340 1386 234
1352 1386 60
1377 1400 119
1391 1415 79
1404 1417 84
1408 1429 232
1423 1446 39
1439 1484 226
1462 1505 300
1483 1489 214
1499 1538 48
1524 1554 56
1539 1577 183
1549 1562 183
1553 1568 52
1577 1586 147
1589 1604 123
1610 1644 9
1640 1671 26
1663 1684 135
1682 1720 91
1697 1741 231
1727 1742 31
1729 1741 138
1756 1777 168
1765 1775 59
1773 1783 211
1791 1821 161
1820 1850 1
1836 1867 152
1839 1883 74
1858 1868 286
1884 1916 135
1909 1910 278
1916 1934 65
1943 1986 196
1956 1962 223
1957 1977 98
1982 2022 256
2000 2004 172
2027 2064 182
2057 2072 195
2058 2100 254
2070 2101 205
2074 2119 86
2103 2129 222
2128 2153 59
2131 2150 241
2150 2183 18
2164 2188 239
2180 2211 114
2194 2232 209
2197 2199 126
2209 2242 130
2232 2269 205
2241 2279 78
2242 2279 24
2251 2263 83
2272 2298 28
2290 2328 259
2315 2355 260
2333 2376 292
2346 2350 151
2369 2391 240
2396 2412 28
2416 2437 179
2435 2447 254
2436 2478 201
2452 2453 63
2480 2496 13
2497 2517 25
2504 2532 190
2505 2530 180
2521 2550 212
2549 2564 277
2562 2581 124
2564 2576 132
2589 2590 165
2605 2608 263
2616 2619 232
2621 2655 209
2630 2639 130
2648 2677 250
2651 2685 179
2652 2674 160
2675 2676 223
2702 2703 290
2710 2715 26
2730 2750 122
2745 2751 144
2750 2797 93
2777 2806 197
2790 2839 264
2791 2811 75
2820 2832 12
2849 2894 127
2861 2866 15
2887 2928 52
2894 2896 109
2900 2934 107
2924 2959 144
2946 2947 21
2976 2978 57
3001 3043 51
3021 3049 101
3047 3076 231
3053 3070 231
3054 3078 69
3070 3097 29
3077 3105 17
3078 3099 73
3091 3106 288
3104 3105 68
3114 3115 236
3123 3148 176
3147 3148 172
3148 3166 63
3166 3169 160
3174 3191 92
3178 3202 19
3196 3210 160
3199 3238 83
3212 3240 102
3239 3251 260
3247 3287 57
3252 3302 266
3276 3315 170
3294 3314 46
3306 3326 210
3323 3360 153
3338 3365 26
3348 3397 93
3375 3423 171
3376 3426 204
3382 3395 61
3410 3443 298
3410 3451 55
3439 3463 126
3445 3475 15
3472 3520 238
3494 3513 220
3498 3535 269
3517 3547 155
3527 3573 74
3531 3543 115
3550 3600 181
3569 3610 102
3597 3611 289
3609 3653 184
3623 3667 29
3635 3682 55
3645 3682 11
3674 3700 154
3694 3739 162
3701 3729 85
3714 3741 236
3744 3747 42
3746 3787 236
3746 3763 87
3752 3788 39
3768 3818 2
3788 3832 185
3807 3834 223
3810 3841 233
3829 3875 133
3839 3869 39
3869 3884 250
3882 3929 112
3905 3911 148
3907 3943 74
3931 3953 103
3960 3982 155
3977 3985 73
3980 4003 273
3994 4020 1
4011 4034 44
4033 4053 165
4062 4106 249
4065 4115 274
4088 4114 203
4116 4128 291
4130 4171 246
4146 4194 38
4150 4197 41
4163 4192 152
4177 4179 209
4192 4230 246
4205 4240 294
4234 4241 3
4248 4278 285
4260 4310 86
4270 4279 275
4293 4321 182
4295 4315 90
4304 4353 143
4324 4362 21
4354 4362 146
4363 4389 199
4382 4427 291
4409 4422 6
4410 4459 241
4419 4446 270
4446 4465 170
4449 4492 45
4456 4500 227
4486 4496 221
4491 4504 113
4510 4516 294
4526 4559 247
4529 4530 97
4544 4594 272
4557 4566 13
4562 4571 130
4566 4606 164
4588 4626 67
4601 4607 129
4631 4635 106
4652 4692 32
4656 4671 194
4663 4665 178
4689 4703 125
4702 4742 197
4720 4729 58
4747 4760 165
4762 4807 64
4770 4787 134
4792 4836 220
4809 4815 12
4828 4842 271
4849 4893 97
4877 4888 227
4894 4919 106
4923 4954 169
4947 4963 97
4973 5002 144
4984 4991 243
4999 5008 25
5014 5029 129
5023 5042 260
5035 5052 14
5048 5081 19
5073 5077 266
5085 5112 184
5109 5111 202
5119 5133 297
5143 5178 281
5145 5184 181
5155 5177 85
5170 5198 204
5191 5193 39
5192 5217 292
5216 5240 127
5227 5240 111
5256 5306 274
5281 5316 267
5287 5304 103
5287 5293 9
5289 5306 98
5297 5317 221
5313 5326 234
5327 5351 104
5333 5362 59
5349 5353 111
5351 5360 96
5381 5405 43
5381 5420 82
5396 5418 217
5396 5419 232
5419 5449 211
5439 5478 137
5466 5513 39
5488 5512 24
5497 5538 68
5506 5531 190
5512 5519 146
5542 5559 300
5567 5578 32
5585 5633 232
5586 5614 161
5610 5622 276
5620 5631 233
5627 5629 165
5646 5686 63
5654 5689 253
5674 5680 152
5676 5715 164
5679 5704 140
5694 5737 254
5712 5749 45
5712 5760 176
5730 5750 50
5752 5793 140
5764 5794 24
5786 5833 59
5812 5840 228
5835 5851 42
5857 5894 18
5870 5894 146
5894 5901 28
5923 5962 35
5931 5970 26
5931 5981 141
5946 5953 197
5952 5992 2
5955 5992 291
5969 6003 95
5971 5994 145
5977 5983 162
6003 6030 163
6018 6058 171
6039 6069 212
6049 6056 221
6059 6095 64
6076 6100 252
6106 6132 150
6131 6147 76
6153 6180 182
6179 6212 93
6203 6210 90
6231 6275 1
6249 6250 259
6253 6274 281
6256 6285 141
6276 6320 207
6281 6309 119
6296 6310 191
6309 6334 129
6322 6329 296
6340 6354 227
6346 6373 65
6361 6371 266
6371 6373 191
6392 6406 49
6418 6457 104
6428 6466 275
6440 6456 120
6445 6463 61
6453 6463 30
6465 6482 255
6482 6510 141
6494 6516 281
6498 6545 226
6498 6541 51
6502 6540 53
6529 6557 34
6537 6583 17
6565 6596 207
6590 6608 61
6615 6631 254
6621 6633 7
6646 6655 145
6670 6706 114
6693 6736 68
6709 6715 5
6716 6757 151
6733 6764 133
6743 6763 225
6757 6775 154
6787 6791 190
6791 6810 132
6820 6831 253
6831 6839 200
6845 6849 297
6873 6903 212
6898 6900 74
6927 6944 35
6942 6953 218
6970 6976 37
6998 7043 215
6999 7028 282
7009 7024 258
7032 7071 40
7037 7078 187
7061 7098 87
7077 7087 48
7104 7106 247
7122 7151 238
7140 7181 261
7143 7159 181
7153 7173 105
7181 7212 133
7194 7207 265
7219 7250 199
7245 7295 204
7252 7265 80
7252 7293 268
7258 7294 103
7269 7276 285
7276 7307 176
7305 7341 284
7329 7375 228
7350 7367 288
7355 7398 11
7361 7386 160
7387 7397 208
7400 7403 32
7406 7422 216
7429 7430 209
7456 7462 49
7462 7501 185
7484 7528 133
7499 7511 41
7500 7505 67
7517 7543 69
7517 7547 57
7537 7548 33
7541 7542 300
7561 7603 96
7583 7606 25
7589 7595 225
7592 7638 203
7592 7635 105
7619 7647 204
7627 7630 38
7641 7672 129
7671 7679 245
7701 7745 271
7731 7781 34
7736 7772 176
7738 7758 42
7757 7802 299
7767 7785 50
7771 7780 201
7788 7830 146
7799 7841 95
7828 7841 202
7848 7860 182
7850 7876 75
7877 7912 42
7894 7936 64
7914 7959 11
7923 7970 98
7951 7958 18
7951 7964 3
7952 7995 9
7974 8011 114
7974 7976 178
7994 7997 111
8016 8049 280
8023 8071 168
8053 8094 243
8058 8093 11
8069 8074 256
8076 8090 56
8093 8120 78
8123 8169 98
8127 8138 62
8138 8164 284
8150 8178 2
8154 8155 284
8158 8194 173
8188 8236 273
8191 8200 54
8199 8205 43
8216 8228 24
8224 8228 146
8239 8265 74
8262 8305 47
8273 8306 92
8275 8293 192
8303 8319 160
8320 8362 167
8339 8382 193
8342 8357 207
8369 8410 280
8382 8398 105
8396 8431 129
8405 8444 55
8418 8434 185
8442 8466 57
8452 8455 245
8461 8487 141
8489 8534 276
8489 8524 105
8515 8558 281
8538 8554 162
8558 8560 135
8576 8623 21
8604 8653 194
8617 8651 58
8627 8640 228
8657 8682 56
8660 8675 73
8663 8671 282
8692 8737 88
8709 8753 201
8731 8770 180
8740 8752 98
8764 8800 247
8791 8804 151
8800 8840 65
8817 8835 192
8817 8831 199
8840 8864 156
8850 8888 167
8880 8885 259
8890 8919 14
8919 8947 141
8940 8987 272
8944 8956 217
8952 8982 232
8955 8977 160
8960 9005 163
8988 8991 151
9007 9041 259
9017 9044 231
9042 9050 210
9053 9069 57
9077 9100 247
9085 9126 114
9112 9148 242
9127 9176 201
9148 9152 42
9177 9187 229
9188 9223 90
9208 9220 173
9233 9249 74
9233 9236 79
9235 9283 275
9263 9296 99
9275 9298 21
9303 9330 201
9332 9367 125
9347 9357 252
9377 9400 121
9384 9434 199
9396 9408 22
9420 9467 4
9424 9456 218
9424 9463 231
9445 9486 129
9467 9517 73
9474 9498 131
9495 9513 35
9508 9528 133
9523 9557 38
9536 9573 179
9555 9571 239
9583 9628 57
9588 9638 81
9603 9648 167
9615 9633 110
9634 9656 281
9644 9665 184
9644 9647 111
9672 9698 121
9672 9703 186
9687 9689 37
9693 9711 170
9715 9765 21
9734 9739 249
9749 9795 79
9766 9779 90
9785 9828 203
9800 9831 11
9830 9872 297
9852 9856 61
9865 9890 83
9885 9904 179
9915 9919 25
9927 9970 291
9946 9986 36
9969 9982 47
9973 9988 115
10000 10026 25
10005 10022 243
10013 10046 57
10022 10063 84
10028 10055 94
10056 10094 295
10056 10079 199
10061 10086 176
10074 10081 232
10092 10097 291
10118 10127 293
10139 10174 11
10167 10182 104
10195 10235 197
10204 10251 20
10204 10218 53
10220 10225 298
10243 10249 44
10270 10299 110
10300 10338 42
10324 10350 176
10345 10382 9
10365 10394 268
10366 10386 198
10382 10432 158
10407 10427 84
10423 10449 188
10443 10456 133
10473 10477 267
10477 10522 92
10482 10513 17
10505 10537 255
10531 10577 35
10541 10582 142
10545 10577 62
10563 10611 290
10577 10600 175
10580 10620 251
10597 10609 190
10602 10646 182
10605 10619 200
10630 10665 265
10631 10647 177
10650 10689 176
10680 10683 134
10699 10707 149
10699 10727 294
10718 10755 36
10733 10752 114
10737 10773 112
10764 10806 69
10792 10818 226
10813 10859 192
10831 10849 217
10860 10873 240
10866 10872 22
10873 10886 253
10889 10896 31
10914 10916 77
10932 10939 183
10953 10963 88
10953 10984 33
10961 10988 88
10986 11019 248
10998 11031 70
11006 11039 180
11018 11024 60
11042 11091 278
11064 11095 211
11072 11075 55
11076 11082 298
11096 11107 80
11105 11139 234
11117 11147 185
11127 11158 81
11154 11202 42
11181 11225 89
11203 11222 84
11231 11261 61
11255 11299 62
11260 11309 180
11278 11310 112
11296 11314 277
11319 11361 44
11339 11377 140
11367 11387 246
11374 11417 69
11403 11440 39
11403 11420 92
11414 11442 129
11430 11435 212
11460 11497 76
11479 11495 278
11490 11506 192
11519 11541 88
11545 11584 75
11558 11576 81
11582 11600 274
11599 11624 43
11620 11646 239
11622 11670 107
11642 11683 7
11670 11692 277
11694 11739 68
11695 11719 209
11711 11733 85
11739 11750 160
11762 11799 213
11771 11798 226
11776 11798 73
11802 11830 176
11820 11847 140
11827 11856 116
11841 11889 229
11847 11891 182
11855 11885 10
11883 11887 223
11901 11944 263
11930 11955 116
11959 11996 158
11984 12024 1
12000 12028 153
12011 12025 177
12029 12064 297
12034 12076 100
12034 12073 134
12056 12081 25
12078 12089 125
12094 12096 274
12114 12122 79
12138 12179 61
12148 12189 44
12148 12161 278
12173 12217 8
12181 12201 132
12211 12224 291
12229 12242 186
12246 12285 239
12254 12281 61
12279 12304 155
12301 12338 59
12309 12320 260
12331 12336 89
12351 12369 215
12360 12363 34
12371 12378 52
12391 12411 224
12396 12437 192
12405 12444 269
12419 12456 34
12420 12463 23
12423 12472 292
12423 12468 91
12447 12456 150
12448 12487 10
12451 12492 198
12463 12482 151
12472 12510 107
12494 12515 97
12517 12522 24
12531 12555 280
12553 12566 204
12562 12577 296
12582 12625 149
12609 12632 45
12630 12656 183
12660 12691 271
12684 12732 290
12713 12741 53
12733 12759 257
12738 12761 89
12743 12778 217
12748 12780 94
12759 12791 209
12782 12819 218
12809 12812 276
12819 12854 181
12824 12835 128
12839 12849 97
12850 12899 60
12874 12893 103
12883 12902 39
12913 12960 100
12920 12957 82
12923 12973 42
12948 12973 260
12976 12981 299
12992 13006 244
13018 13033 206
13046 13071 267
13068 13093 296
13080 13114 158
13105 13136 262
13118 13144 103
13140 13149 253
13166 13168 259
13187 13193 283
13190 13215 289
13209 13222 79
13219 13223 93
13226 13249 225
13232 13282 120
13236 13255 252
13240 13284 156
13243 13260 130
13261 13271 83
13286 13334 214
13289 13334 250
13300 13339 95
13327 13349 3
13334 13340 246
13345 13354 101
13362 13389 256
13390 13430 52
13397 13439 233
13399 13429 152
13425 13434 107
13450 13470 246
13453 13496 80
13469 13513 12
13473 13504 50
13493 13527 151
13507 13518 40
13531 13543 5
13545 13568 243
13548 13566 106
13565 13603 23
13587 13609 111
13617 13642 236
13622 13637 268
13648 13698 205
13657 13685 103
13672 13715 293
13700 13709 192
13717 13726 155
13723 13762 274
13742 13783 152
13747 13775 273
13771 13797 295
13774 13801 151
13798 13840 76
13826 13861 198
13826 13845 286
13853 13857 160
13860 13879 189
13872 13907 222
13897 13910 88
13905 13921 103
13924 13938 25
13935 13949 39
13935 13956 141
13937 13973 67
13952 13987 287
13969 13983 98
13986 14004 24
14008 14020 259
14031 14042 135
14044 14071 144
14053 14101 10
14063 14073 14
14071 14086 209
14078 14103 251
14087 14099 71
14103 14127 233
14103 14129 205
14116 14154 285
14118 14137 262
14129 14131 41
14144 14191 259
14167 14211 19
14183 14209 38
14207 14208 3
14215 14262 137
14236 14242 135
14264 14285 254
14282 14289 196
14288 14314 172
14294 14297 175
14301 14328 221
14328 14351 165
14349 14392 142
14377 14424 221
14407 14446 91
14433 14450 253
14462 14487 172
14487 14531 137
14502 14541 46
14521 14542 258
14539 14561 300
14550 14570 50
14556 14573 106
14563 14583 271
14581 14609 177
14595 14635 122
14623 14643 130
14638 14669 99
14654 14658 29
14676 14684 218
14683 14690 82
14702 14717 153
14722 14737 122
14751 14772 6
14778 14812 168
14796 14836 177
14808 14811 300
14809 14833 37
14823 14868 238
14850 14875 40
14880 14926 96
14884 14913 19
14902 14942 121
14910 14958 3
14930 14949 92
14930 14937 295
14941 14945 159
14958 14982 127
14974 14979 63
14991 15041 295
14991 15024 173
15009 15024 139
15013 15019 116
15022 15052 145
15031 15051 300
15060 15072 253
15061 15098 292
15068 15104 134
15098 15121 31
15127 15154 78
15133 15158 200
15137 15168 275
15140 15161 289
15142 15162 183
15162 15198 289
15179 15229 164
15202 15220 151
15203 15230 268
15205 15251 209
15226 15240 142
15255 15281 152
15281 15321 4
15294 15315 202
15321 15353 36
15323 15324 43
15339 15384 49
15369 15379 231
15390 15401 276
15391 15412 226
15394 15421 43
15422 15426 292
15432 15455 172
15450 15478 143
15466 15497 233
15478 15507 21
15498 15499 161
15522 15571 251
15539 15584 106
15554 15583 217
15584 15622 151
15598 15602 28
15618 15646 192
15631 15680 59
15656 15657 149
15672 15703 73
15691 15711 19
15696 15746 66
15721 15739 197
15748 15792 60
15774 15775 199
15778 15789 183
15779 15811 299
15789 15826 201
15818 15821 270
15837 15843 104
15859 15887 119
15860 15869 151
15890 15931 282
15898 15917 198
15905 15945 119
15910 15945 224
15934 15935 40
15941 15991 287
15948 15949 187
15972 16019 6
15983 16033 195
16009 16025 154
16018 16024 14
16039 16088 62
16060 16101 108
16076 16108 290
16100 16131 44
16115 16139 70
16119 16138 55
16142 16169 68
16169 16219 21
16169 16206 160
16198 16212 94
16217 16267 190
16247 16251 49
16263 16293 50
16276 16288 178
16302 16347 214
16315 16340 193
16316 16318 195
16324 16337 234
16331 16358 157
16338 16388 12
16359 16390 89
16366 16414 87
16391 16432 73
16398 16406 134
16414 16434 41
16418 16462 292
16445 16478 242
16469 16490 266
16488 16521 69
16490 16520 88
16508 16531 158
16520 16560 270
16526 16554 224
16552 16582 45
16564 16577 155
16581 16598 172
16584 16605 97
16595 16644 225
16611 16612 19
16640 16660 272
16642 16675 130
16668 16674 27
16681 16694 217
16709 16732 59
16717 16743 14
16728 16760 46
16732 16746 223
16740 16769 189
16767 16782 105
16784 16827 242
16792 16807 30
16822 16834 266
16828 16857 82
16839 16845 194
16857 16889 39
16867 16891 275
16872 16909 79
16879 16921 46
16905 16935 289
16922 16935 10
16936 16959 283
16938 16969 58
16966 16981 207
16981 17030 204
16993 17035 51
17020 17032 131
17029 17069 90
17048 17095 132
17061 17070 240
17075 17106 161
17089 17116 65
17112 17114 245
17115 17128 26
17124 17142 184
17125 17172 29
17125 17165 79
17133 17136 120
17137 17165 221
17140 17180 134
17146 17168 138
17156 17170 2
17173 17186 288
17191 17234 279
17214 17222 204
17221 17253 21
17222 17235 139
17240 17273 293
17268 17290 155
17292 17301 141
17318 17343 263
17339 17360 149
17343 17356 182
17369 17378 225
17385 17413 282
17395 17420 16
17405 17406 234
17425 17429 274
17449 17468 214
17458 17494 74
17478 17504 36
17489 17490 134
17508 17557 241
17519 17561 190
17548 17598 30
17556 17588 89
17562 17577 106
17587 17619 88
17588 17613 2
17596 17645 109
17602 17621 154
17616 17617 130
17620 17623 36
17633 17640 141
17659 17686 300
17684 17712 30
17696 17722 269
17701 17723 120
17727 17761 181
17750 17753 236
17776 17822 236
17798 17820 162
17816 17847 170
17839 17859 241
17869 17915 48
17887 17914 111
17895 17931 164
17908 17927 85
17910 17936 183
17939 17960 171
17953 17982 169
17960 18007 30
17972 18000 291
17983 18021 63
18010 18058 218
18015 18021 153
18031 18061 263
18038 18077 150
18043 18048 8
18060 18086 263
18068 18088 225
18093 18098 207
18123 18127 197
18142 18145 76
18148 18185 92
18171 18191 276
18193 18209 88
18202 18237 182
18208 18219 10
18224 18250 171
18235 18269 39
18248 18255 203
18253 18285 42
18282 18289 115
18298 18313 60
18320 18356 121
18337 18349 292
18347 18358 74
18368 18412 83
18381 18408 139
18406 18427 74
18427 18463 210
18429 18478 223
18453 18494 203
18459 18466 186
18489 18537 9
18500 18545 171
18516 18530 204
18529 18541 112
18544 18573 243
18562 18602 94
18575 18616 87
18579 18618 190
18600 18612 100
18626 18672 161
18628 18647 289
18638 18663 146
18665 18699 205
18683 18727 23
18702 18743 12
18706 18726 282
18708 18731 165
18714 18743 72
18714 18742 175
18732 18738 46
18732 18747 210
18733 18736 79
18735 18749 72
18744 18754 229
18766 18778 300
18772 18820 97
18790 18807 2
18813 18839 270
18817 18822 280
18817 18824 112
18844 18846 84
18855 18886 143
18865 18875 85
18870 18872 220
18884 18896 173
18894 18936 195
18895 18900 30
18901 18909 295
18904 18954 204
18930 18974 101
18956 18998 231
18956 18958 285
18976 18980 281
18976 18990 257
18976 19001 94
19004 19008 143
19023 19024 145
19044 19087 16
19049 19093 221
19056 19068 49
19083 19117 12
19088 19097 134
19096 19118 201
19116 19165 155
19124 19150 178
19154 19203 176
19166 19178 206
19183 19190 62
19211 19243 120
19227 19242 132
19227 19255 179
19256 19296 123
19262 19305 218
19270 19280 158
19282 19309 246
19291 19341 164
19293 19294 250
19297 19335 46
19325 19339 152
19347 19397 85
19347 19390 123
19373 19383 165
19385 19397 244
19415 19428 244
19425 19436 255
19426 19457 62
19445 19472 72
19467 19502 72
19471 19490 34
19477 19486 33
19488 19534 121
19514 19555 176
19517 19560 57
19526 19558 147
19526 19543 166
19532 19538 19
19545 19568 96
19566 19606 255
19571 19610 94
19572 19579 57
19583 19628 230
19598 19602 115
19610 19630 169
19615 19624 200
19632 19667 153
19633 19639 52
19647 19671 66
19677 19722 223
19682 19716 60
19689 19734 92
19717 19730 234
19717 19725 297
19741 19751 259
19749 19775 223
19771 19792 234
19772 19778 75
19786 19788 109
19803 19835 65
19808 19823 125
19815 19829 17
19839 19845 207
19867 19878 138
19876 19910 212
19883 19901 133
19904 19918 119
19927 19948 78
19953 20003 113
19979 20025 144
19996 20040 136
19998 20026 251
20028 20048 24
20034 20058 208
20048 20049 185
20067 20116 126
20094 20114 202
20112 20113 288
20118 20130 103
20127 20153 66
20151 20171 204
20151 20179 76
20162 20207 182
20189 20223 274
20191 20199 190
20210 20215 132
20230 20256 294
20234 20252 289
20256 20286 218
20283 20324 272
20305 20312 69
20323 20367 174
20339 20360 101
20344 20347 61
20361 20397 267
20379 20421 168
20389 20391 125
20415 20417 48
20423 20445 48
20428 20432 81
20437 20463 174
20454 20485 195
20474 20513 242
20500 20550 294
20501 20550 35
20511 20513 167
20512 20518 252
20525 20551 188
20542 20572 83
20547 20594 115
20552 20557 94
20568 20608 238
20582 20629 293
20598 20610 152
20608 20609 118
20620 20621 20
20647 20659 48
20653 20666 79
20661 20672 165
20679 20727 90
20690 20724 131
20717 20760 114
20718 20758 62
20747 20778 40
20758 20799 282
20778 20820 211
20784 20804 41
20802 20805 252
20812 20815 164
20812 20833 210
20819 20850 232
20834 20846 162
20858 20903 181
20876 20915 67
20898 20942 148
20911 20926 44
20926 20950 55
20953 20964 13
20965 21012 187
20973 21011 251
20980 20983 217
20980 20981 78
21000 21047 122
21003 21017 23
21028 21046 3
21030 21066 43
21030 21059 234
21045 21092 79
21050 21070 80
21078 21115 267
21081 21091 84
21089 21123 51
21109 21155 177
21133 21153 219
21151 21174 273
21168 21215 176
21177 21186 141
21201 21243 60
21222 21249 202
21227 21268 154
21250 21284 62
21275 21299 198
21298 21345 291
21307 21339 104
21329 21338 73
21336 21355 139
21363 21405 240
21377 21412 274
21405 21419 246
21434 21470 181
21445 21487 97
21448 21475 95
21465 21495 294
21493 21512 214
21503 21545 13
21504 21524 108
21520 21560 68
21530 21552 293
21542 21562 103
21570 21581 138
21573 21592 176
21591 21639 275
21617 21638 199
21623 21670 121
21649 21657 179
21672 21715 227
21697 21733 85
21725 21759 5
21738 21741 112
21745 21780 19
21759 21784 282
21760 21806 116
21776 21819 222
21800 21846 113
21826 21839 198
21840 21852 121
21849 21877 142
21872 21874 42
21881 21901 104
21906 21910 247
21920 21953 183
21933 21977 249
21958 21971 124
21960 22001 47
21987 22017 261
22002 22009 54
22011 22041 296
22016 22054 4
22020 22068 55
22028 22075 7
22052 22097 122
22066 22097 80
22085 22124 42
22111 22117 153
22141 22146 248
22148 22180 208
22157 22158 75
22168 22217 226
22169 22219 114
22188 22210 263
22210 22218 7
22223 22249 83
22247 22256 125
22267 22274 33
22278 22311 162
22301 22320 208
22327 22328 141
22338 22384 69
22353 22397 88
22356 22367 148
22359 22390 97
22382 22403 264
22407 22453 193
22419 22422 13
22446 22476 285
22468 22493 30
22483 22519 292
22493 22501 172
22522 22569 143
22541 22551 279
22560 22580 300
22571 22601 33
22572 22604 202
22595 22632 170
22605 22627 70
22608 22643 229
22622 22638 206
22643 22671 5
22646 22651 145
22673 22706 177
22678 22689 300
22698 22702 98
22723 22743 77
22739 22789 35
22760 22764 73
22787 22829 100
22800 22809 116
22818 22822 294
22844 22847 134
22860 22905 265
22869 22902 10
22892 22909 277
22907 22919 24
22913 22961 94
22926 22956 196
22951 22983 172
22965 22971 80
22975 22996 191
23000 23036 18
23009 23051 247
23014 23024 67
23016 23053 40
23025 23044 43
23046 23071 97
23068 23092 221
23068 23074 84
23081 23111 182
23101 23129 18
23127 23158 270
23138 23145 8
23148 23157 131
23166 23182 74
23168 23193 284
23190 23195 36
23203 23234 261
23227 23272 37
23249 23291 28
23250 23261 160
23261 23305 137
23285 23287 159
23288 23332 157
23317 23320 164
23322 23354 106
23346 23372 84
23352 23361 102
23367 23389 24
23370 23374 48
23380 23398 291
23402 23420 88
23411 23447 279
23426 23467 197
23432 23440 297
23455 23468 33
23457 23478 98
23463 23506 130
23465 23487 148
23471 23507 291
23493 23514 83
23495 23515 180
23508 23512 121
23514 23542 277
23519 23527 135
23543 23573 249
23550 23588 168
23576 23606 100
23598 23617 215
23610 23623 175
23636 23644 196
23660 23668 195
23669 23687 13
23683 23723 159
23684 23691 17
23710 23758 182
23726 23776 245
23734 23755 61
23734 23740 240
23764 23780 185
23789 23818 149
23802 23830 80
23805 23807 171
23830 23859 231
23838 23846 255
23851 23882 211
23872 23905 205
23890 23903 258
23903 23910 181
23908 23934 150
23933 23944 262
23953 23976 250
23965 24004 225
23984 23994 288
23988 24013 200
24001 24037 40
24014 24050 58
24027 24054 296
24041 24071 41
24047 24063 72
24064 24104 221
24070 24074 201
24086 24093 242
24095 24128 72
24125 24171 183
24125 24175 2
24136 24140 10
24160 24165 39
24167 24216 141
24186 24215 269
24204 24230 29
24231 24278 244
24235 24265 34
24252 24295 255
24263 24280 296
24278 24283 101
24300 24330 29
24305 24346 231
24311 24325 208
24339 24367 59
24363 24409 24
24385 24389 239
24400 24408 225
24426 24451 175
24448 24455 129
24464 24510 108
24490 24518 69
24501 24551 202
24509 24532 48
24514 24537 30
24525 24558 126
24527 24535 261
24538 24549 260
24562 24571 203
24589 24596 170
24599 24607 191
24621 24628 57
24645 24665 114
24674 24697 283
24683 24718 72
24710 24757 269
24723 24733 263
24728 24738 268
24751 24793 132
24780 24806 296
24796 24806 78
24803 24831 280
24819 24827 104
24819 24862 183
24833 24849 242
24863 24880 157
24868 24907 227
24877 24912 87
24907 24913 138
24910 24917 202
24911 24934 70
24935 24981 247
24960 24969 288
24972 25017 276
24974 24996 175
24979 25025 265
24994 25016 26
25022 25063 211
25027 25047 166
25050 25059 108
25067 25115 147
25087 25104 236
25112 25129 160
25124 25158 216
25133 25141 50
25143 25173 166
25161 25192 3
25177 25216 188
25179 25196 284
25208 25209 217
25212 25231 144
25226 25229 276
25245 25260 165
25262 25268 208
25276 25295 233
25292 25314 184
25299 25312 256
25320 25329 125
25335 25373 56
25347 25355 68
25348 25365 258
25366 25415 239
25385 25430 160
25415 25455 41
25442 25482 185
25456 25501 273
25466 25499 75
25484 25534 54
25500 25539 282
25504 25505 290
25518 25522 67
25547 25554 26
25567 25582 225
25567 25605 68
25581 25614 201
25584 25595 43
25614 25615 40
25640 25664 236
25653 25691 130
25659 25709 154
25672 25686 191
25694 25699 292
25706 25752 254
25727 25731 57
25736 25741 212
25743 25765 85
25765 25771 32
25784 25811 140
25784 25803 239
25785 25829 120
25793 25795 262
25805 25817 175
25822 25826 7
25852 25893 4
25860 25896 219
25883 25922 63
25902 25942 89
25925 25959 216
25935 25940 152
25943 25959 207
25948 25963 244
25973 26019 101
25996 26035 9
26023 26073 39
26035 26072 124
26064 26106 267
26067 26111 149
26091 26122 183
26119 26158 27
26142 26152 184
26158 26205 239
26168 26192 31
26189 26207 272
26194 26231 298
26195 26244 23
26217 26266 196
26241 26253 155
26248 26273 287
26263 26294 37
26265 26293 53
26284 26328 121
26295 26328 263
26307 26318 267
26316 26347 191
26328 26351 92
26352 26394 192
26382 26402 65
26412 26462 182
26438 26475 182
26466 26481 183
26477 26478 54
26486 26494 276
26503 26551 173
26530 26551 133
26560 26602 74
26569 26587 297
26573 26577 202
26602 26652 209
26612 26625 243
26639 26678 263
26662 26663 171
26685 26713 98
26701 26720 238
26708 26752 186
26712 26752 295
26742 26759 192
26751 26783 53
26762 26811 101
26779 26785 225
26787 26826 142
26807 26819 119
26814 26851 69
26814 26833 183
26835 26844 85
26846 26852 156
26875 26912 52
26905 26906 290
26909 26958 198
26936 26942 88
26941 26943 19
26945 26981 245
26951 26970 257
26971 26976 231
26987 26995 170
26990 27011 237
27014 27034 159
27025 27059 214
27030 27078 118
27032 27057 139
27054 27073 296
27059 27085 221
27084 27115 235
27100 27109 216
27116 27162 285
27126 27127 27
27140 27190 289
27146 27174 58
27152 27179 258
27153 27200 136
27171 27208 68
27190 27231 96
27191 27216 236
27196 27238 293
27215 27246 203
27239 27261 199
27267 27276 45
27275 27306 244
27305 27307 144
27331 27372 258
27347 27397 189
27353 27391 147
27364 27399 216
27377 27405 132
27394 27429 160
27408 27426 48
27423 27467 156
27436 27483 54
27438 27459 230
27461 27481 48
27483 27531 156
27509 27532 179
27528 27565 91
27531 27565 107
27545 27578 145
27565 27601 211
27593 27630 147
27593 27608 233
27599 27635 121
27618 27653 14
27639 27678 214
27668 27682 112
27698 27726 79
27710 27756 64
27726 27745 113
27736 27776 183
27749 27784 268
27779 27818 187
27809 27853 292
27809 27815 255
27821 27845 283
27847 27866 255
27868 27915 92
27876 27901 45
27878 27913 134
27886 27904 93
27887 27918 56
27887 27918 158
27905 27912 116
27906 27948 220
27919 27938 77
27937 27951 160
27954 27996 170
27982 28014 281
27991 28002 258
28004 28032 64
28013 28024 285
28023 28067 299
28025 28044 296
28045 28092 235
28062 28063 62
28068 28115 289
28080 28125 157
28084 28103 50
28110 28155 119
28123 28162 26
28135 28146 236
28146 28175 162
28167 28169 61
28176 28207 260
28192 28201 191
28199 28222 58
28217 28253 203
28228 28237 229
28245 28267 229
28263 28293 114
28290 28334 288
28308 28333 26
28319 28358 137
28346 28368 83
28373 28415 206
28377 28394 146
28389 28418 190
28415 28426 143
28421 28454 71
28432 28438 98
28439 28466 288
28443 28482 177
28460 28477 286
28476 28483 287
28495 28537 51
28520 28559 253
28538 28568 81
28558 28608 112
28560 28603 211
28560 28605 109
28587 28629 13
28612 28638 81
28632 28637 8
28634 28649 49
28652 28676 212
28656 28706 77
28665 28707 260
28670 28695 278
28676 28682 175
28676 28725 278
28693 28704 185
28709 28750 48
28735 28747 206
28751 28780 178
28762 28787 175
28772 28813 220
28790 28814 20
28806 28811 106
28813 28854 60
28819 28858 176
28828 28839 156
28838 28857 27
28859 28890 94
28886 28936 140
28902 28933 109
28924 28944 81
28938 28961 137
28963 28983 122
28993 29005 111
28996 29001 278
29026 29056 64
29026 29027 287
29027 29032 47
29044 29074 65
29052 29055 267
29068 29080 23
29098 29112 278
29117 29134 67
29136 29174 24
29166 29207 7
29187 29205 146
29193 29234 222
29218 29243 221
29244 29252 47
29244 29274 173
29248 29268 243
29267 29271 166
29288 29295 114
29303 29314 254
29312 29339 108
29312 29330 250
29341 29377 281
29351 29382 281
29361 29401 106
29383 29416 237
29412 29450 164
29415 29463 208
29429 29433 69
29440 29463 271
29455 29498 255
29459 29476 38
29461 29495 20
29485 29533 209
29493 29506 111
29496 29546 101
29526 29555 110
29553 29587 288
29579 29629 38
29602 29625 200
29619 29635 104
29636 29662 231
29641 29665 107
29664 29687 56
29674 29719 187
29698 29727 47
29708 29745 132
29715 29739 102
29745 29769 205
29763 29801 179
29769 29810 201
29795 29845 28
29822 29857 174
29826 29854 165
29838 29881 192
29861 29871 277
29879 29908 164
29899 29932 88
29904 29940 254
29912 29941 202
29915 29945 7
29932 29982 156
29962 29988 3
29969 29990 235
29994 30025 71
29995 30035 283
30012 30022 21
30030 30070 243
30056 30095 216
30070 30099 170
30072 30114 263
30084 30099 168
30108 30155 99
30118 30166 122
30143 30146 106
30173 30215 95
30177 30222 281
30177 30184 167
30188 30199 123
30198 30234 107
30203 30224 74
30221 30255 170
30228 30260 262
30246 30249 65
30270 30298 181
30276 30306 101
30299 30311 266
30311 30315 51
30328 30362 9
30329 30377 111
30329 30358 187
30345 30374 145
30370 30375 196
30372 30376 4
30388 30408 290
30418 30449 267
30434 30476 271
30440 30459 242
30448 30456 105
30464 30471 93
30488 30530 291
30511 30518 296
30511 30541 193
30517 30555 47
30539 30577 18
30560 30596 135
30561 30602 3
30590 30623 92
30601 30605 141
30605 30619 197
30635 30656 241
30664 30701 189
30684 30706 198
30713 30763 133
30733 30738 123
30754 30763 7
30765 30795 226
30770 30779 144
30800 30818 264
30807 30817 300
30814 30840 36
30842 30871 84
30867 30872 16
30868 30918 99
30891 30908 222
30914 30949 3
30932 30968 256
30939 30965 110
30944 30954 137
30969 30985 59
30984 31014 148
31006 31054 58
31012 31038 200
31033 31081 263
31044 31067 242
31063 31102 3
31087 31118 104
31093 31129 194
31123 31169 219
31139 31177 107
31153 31164 1
31156 31206 98
31165 31193 189
31167 31174 36
31197 31214 95
31199 31224 70
31216 31262 112
31231 31268 294
31235 31247 180
31263 31306 26
31282 31292 178
31298 31331 35
31327 31357 170
31346 31394 234
31374 31389 40
31376 31419 238
31403 31439 121
31405 31436 163
31408 31411 92
31428 31459 128
31455 31478 252
31465 31466 173
31473 31474 146
31473 31482 201
31502 31539 267
31519 31559 244
31546 31579 290
31551 31579 85
31559 31608 164
31575 31613 273
31600 31628 71
31624 31638 50
31646 31663 111
31666 31670 9
31684 31726 243
31707 31735 66
31721 31745 89
31744 31780 130
31751 31793 38
31766 31783 238
31780 31809 190
31795 31814 102
31809 31819 88
31812 31820 98
31837 31846 276
31858 31904 38
31875 31892 8
31899 31936 140
31917 31946 106
31943 31956 135
31949 31975 78
31974 32009 231
31980 31986 128
31986 31995 169
31998 32046 186
32007 32032 44
32027 32068 256
32054 32060 241
32055 32079 289
32066 32096 134
32089 32094 227
32089 32108 197
32105 32152 31
32114 32150 26
32129 32175 69
32139 32151 199
32169 32171 282
32173 32211 183
32182 32230 9
32183 32206 156
32207 32232 233
32211 32237 66
32218 32240 97
32231 32251 183
32249 32291 228
32251 32258 196
32261 32269 131
32279 32308 282
32292 32316 234
32310 32354 292
32319 32356 18
32339 32358 140
32343 32352 141
32352 32374 149
32376 32407 243
32378 32407 86
32382 32393 212
32399 32404 133
32418 32433 93
32433 32445 246
32461 32483 236
32466 32507 114
32488 32535 123
32506 32539 244
32506 32537 237
32521 32541 163
32530 32580 189
32542 32568 167
32567 32616 232
32584 32606 54
32593 32602 275
32604 32644 243
32631 32634 257
32655 32683 58
32676 32710 177
32704 32733 35
32716 32738 82
32720 32751 161
32732 32778 220
32737 32761 204
32761 32772 5
32767 32810 21
32774 32799 173
32791 32820 1
32821 32870 71
32821 32825 160
32827 32828 262
32838 32874 106
32838 32850 11
32844 32879 151
32847 32896 268
32861 32905 165
32883 32912 201
32893 32917 284
32895 32910 268
32904 32926 160
32905 32950 207
32925 32961 199
32947 32973 66
32976 33004 292
33000 33012 114
33026 33037 285
33039 33074 1
33054 33079 198
33078 33108 166
33098 33106 123
33107 33146 102
33118 33143 27
33143 33165 114
33173 33179 97
33188 33203 70
33203 33231 73
33206 33255 83
33227 33271 75
33228 33247 113
33252 33276 15
33282 33299 288
33310 33341 155
33329 33370 251
33351 33360 136
33358 33384 93
33360 33368 252
33379 33382 144
33395 33437 246
33395 33441 227
33423 33472 130
33439 33456 143
33465 33511 52
33482 33494 117
33501 33534 142
33521 33539 5
33542 33573 240
33569 33597 108
33570 33614 115
33586 33615 8
33592 33633 65
33599 33630 285
33608 33642 248
33634 33646 136
33639 33688 166
33646 33686 50
33674 33696 175
33675 33702 191
33700 33708 179
33713 33731 89
33741 33757 46
33750 33757 17
33752 33772 91
33780 33789 104
33803 33822 208
33819 33830 269
33828 33861 185
33839 33873 22
33842 33884 204
33860 33892 11
33881 33908 135
33891 33932 98
33893 33909 251
33898 33910 48
33928 33969 298
33940 33978 263
33953 33981 54
33983 33994 148
33997 34003 264
34010 34039 198
34019 34035 21
34022 34054 219
34038 34047 58
34061 34097 294
34061 34111 38
34066 34086 199
34078 34081 73
34080 34081 270
34107 34128 219
34107 34108 278
34123 34140 270
34143 34161 138
34165 34189 209
34192 34230 198
34221 34264 247
34228 34242 77
34257 34298 164
34263 34273 215
34280 34313 213
34303 34321 233
34303 34307 263
34320 34344 73
34348 34393 258
34368 34405 214
34397 34443 218
34411 34447 12
34440 34454 49
34453 34460 186
34475 34493 84
34505 34551 122
34527 34560 224
34555 34567 168
34562 34582 45
34588 34598 45
34600 34633 48
34609 34634 115
34635 34670 127
34641 34647 289
34666 34680 261
34667 34717 214
34678 34711 228
34697 34710 138
34707 34712 143
34715 34729 38
34715 34758 79
34730 34757 106
34757 34781 94
34769 34806 300
34789 34820 32
34818 34846 256
34818 34858 133
34820 34850 16
34836 34874 149
34861 34867 165
34868 34871 3
34876 34898 272
34891 34926 219
34911 34919 182
34927 34929 254
34941 34982 180
34953 34978 44
34966 34998 126
34976 35012 44
34998 35015 106
35027 35064 299
35036 35068 296
35062 35077 190
35062 35079 271
35069 35078 257
35094 35141 52
35110 35152 63
35131 35151 27
35136 35179 103
35137 35138 65
35161 35179 263
35176 35181 157
35202 35248 106
35220 35226 70
35246 35275 73
35260 35302 210
35290 35339 159
35294 35299 108
35308 35314 118
35313 35356 196
35320 35359 221
35323 35350 219
35335 35360 296
35352 35400 119
35359 35384 146
35375 35386 192
35398 35446 221
35413 35453 157
35431 35467 265
35437 35438 237
35447 35497 179
35448 35461 108
35468 35484 12
35477 35503 206
35489 35499 234
35512 35553 157
35530 35565 241
35536 35567 53
35541 35590 298
35547 35597 70
35565 35571 150
35587 35605 279
35609 35647 67
35622 35630 266
35649 35690 147
35650 35670 119
35673 35680 81
35697 35731 203
35711 35745 57
35711 35761 102
35728 35751 205
35746 35795 136
35757 35790 236
35758 35791 154
35786 35812 207
35793 35831 219
35803 35848 104
35820 35831 244
35830 35833 252
35850 35887 68
35878 35891 31
35902 35950 276
35927 35957 253
35943 35983 151
35971 36018 87
36001 36023 157
36029 36041 202
36045 36083 160
36059 36083 96
36070 36086 276
36082 36096 163
36085 36107 75
36096 36097 294
36103 36136 136
36123 36169 261
36128 36141 9
36148 36149 50
36154 36161 265
36184 36192 74
36201 36203 210
36203 36227 31
36204 36226 243
36215 36234 57
36235 36277 19
36256 36298 259
36256 36272 125
36282 36320 52
36296 36310 186
36301 36351 287
36321 36328 112
36335 36352 25
36355 36370 139
36371 36404 15
36401 36428 216
36405 36408 106
36432 36443 108
36459 36506 73
36485 36515 116
36486 36510 219
36499 36532 175
36503 36546 60
36511 36561 116
36511 36520 201
36513 36538 296
36541 36544 189
36555 36568 120
36581 36629 5
36583 36615 175
36608 36630 133
36620 36635 267
36650 36659 223
36679 36715 291
36679 36706 218
36697 36720 262
36726 36744 158
36736 36751 187
36764 36766 282
36769 36811 96
36791 36819 6
36810 36832 239
36817 36818 179
36838 36872 230
36839 36876 235
36863 36913 149
36882 36894 266
36897 36924 102
36906 36944 296
36919 36926 285
36936 36952 193
36954 36964 162
36961 36976 255
36981 37029 286
37008 37025 95
37018 37023 215
37041 37086 16
37046 37066 84
37069 37079 27
37074 37102 98
37084 37134 66
37086 37128 194
37102 37105 282
37116 37129 66
37143 37151 79
37170 37215 126
37193 37221 133
37214 37230 241
37234 37235 53
37250 37280 164
37278 37311 220
37288 37313 43
37295 37317 193
37316 37354 246
37328 37335 216
37357 37363 68
37364 37384 259
37394 37444 142
37402 37409 20
37409 37448 48
37425 37455 9
37439 37462 297
37450 37498 140
37469 37487 144
37489 37527 195
37510 37522 56
37518 37549 85
37525 37535 63
37552 37579 243
37581 37603 290
37600 37628 221
37624 37626 267
37633 37671 259
37643 37649 144
37652 37683 49
37653 37662 248
37665 37698 142
37682 37710 195
37699 37735 38
37708 37720 234
37718 37764 138
37737 37761 111
37762 37789 144
37781 37798 150
37795 37818 7
37800 37826 144
37802 37816 180
37809 37856 167
37810 37831 95
37839 37871 151
37859 37864 67
37882 37925 19
37911 37949 99
37918 37965 26
37937 37938 14
37946 37979 242
37956 37974 67
37959 37972 258
37979 38016 102
37995 38033 32
38013 38023 148
38023 38049 43
38034 38047 208
38040 38056 264
38044 38085 14
38073 38098 268
38079 38081 148
38109 38155 97
38129 38159 94
38134 38151 205
38156 38165 15
38176 38206 269
38202 38223 56
38230 38276 1
38235 38247 20
38255 38285 31
38255 38294 239
38257 38277 201
38258 38289 236
38277 38325 89
38294 38342 205
38302 38329 247
38309 38337 261
38311 38330 291
38315 38350 293
38320 38324 154
38329 38343 194
38358 38379 137
38380 38424 106
38405 38438 187
38410 38449 250
38414 38463 57
38440 38487 120
38457 38492 171
38476 38525 8
38477 38508 106
38479 38514 73
38492 38538 240
38522 38546 293
38531 38554 19
38558 38583 255
38587 38633 196
38614 38655 135
38642 38656 49
38657 38683 131
38666 38702 26
38671 38689 24
38692 38726 9
38706 38754 30
38722 38751 273
38727 38757 158
38735 38776 71
38743 38744 19
38747 38751 126
38776 38799 22
38782 38795 252
38802 38842 14
38832 38879 106
38834 38836 44
38859 38898 205
38875 38900 273
38875 38889 112
38896 38911 92
38926 38938 33
38947 38955 205
38958 38996 29
38978 38980 72
38985 39030 273
39003 39038 58
39005 39030 27
39022 39065 294
39040 39079 89
39043 39062 158
39052 39095 282
39052 39064 16
39062 39104 227
39065 39076 182
39090 39107 195
39090 39135 88
39101 39113 44
39113 39133 239
39115 39154 269
39116 39145 6
39138 39166 34
39145 39148 157
39175 39190 143
39175 39202 121
39181 39200 300
39209 39258 116
39223 39262 109
39235 39253 245
39246 39273 11
39258 39290 212
39287 39307 164
39291 39317 33
39316 39349 153
39325 39354 28
39344 39353 126
39357 39403 147
39374 39398 138
39400 39420 13
39420 39424 243
39425 39435 184
39429 39452 181
39440 39484 80
39454 39467 89
39457 39468 106
39457 39460 127
39469 39472 41
39491 39513 98
39502 39533 167
39510 39512 250
39533 39572 290
39557 39603 45
39572 39618 164
39593 39607 183
39598 39607 280
39611 39659 286
39629 39664 10
39652 39669 133
39679 39723 30
39689 39695 46
39691 39726 156
39693 39716 208
39712 39729 268
39724 39771 26
39735 39763 298
39736 39754 119
39757 39786 50
39768 39813 225
39783 39825 37
39792 39817 176
39799 39842 238
39817 39857 296
39841 39881 125
39859 39888 216
39869 39901 184
39871 39875 290
39880 39897 51
39881 39905 261
39903 39917 223
39909 39950 73
39920 39942 237
39927 39956 49
39955 39959 19
39966 39973 158
39992 40019 294
40017 40039 299
40024 40067 259
40052 40064 233
40065 40084 19
40075 40088 193
40085 40093 161
40094 40104 100
40123 40128 209
40134 40158 121
40163 40197 109
40183 40201 236
40191 40233 176
40198 40242 250
40220 40265 242
40249 40269 263
40256 40263 274
40264 40301 176
40294 40312 168
40323 40369 214
40336 40341 91
40338 40367 12
40342 40369 221
40366 40396 194
40368 40398 66
40386 40410 38
40390 40394 289
40405 40417 197
40420 40451 61
40433 40446 150
40443 40487 116
40449 40461 62
40456 40463 40
40486 40491 110
40502 40551 234
40526 40573 95
40545 40570 57
40567 40592 293
40572 40617 182
40575 40598 167
40597 40617 117
40625 40670 278
40632 40665 246
40653 40657 40
40668 40710 269
40682 40688 12
40688 40708 152
40698 40730 89
40715 40765 237
40744 40765 238
40747 40781 205
40761 40790 85
40764 40787 72
40772 40777 220
40772 40821 245
40785 40826 18
40813 40849 282
40818 40840 260
40844 40869 20
40860 40887 168
40875 40924 26
40901 40914 261
40916 40966 275
40943 40969 282
40949 40996 56
40960 40987 239
40987 40995 140
41010 41041 293
41034 41077 165
41054 41104 107
41054 41056 181
41057 41105 126
41069 41078 198
41087 41091 114
41103 41149 154
41122 41153 34
41149 41150 64
41151 41158 77
41166 41174 115
41171 41197 253
41180 41187 67
41200 41240 190
41211 41260 14
41212 41252 152
41219 41234 34
41234 41239 6
41237 41261 28
41248 41258 210
41255 41281 246
41279 41329 250
41287 41323 32
41314 41353 200
41333 41369 131
41362 41391 263
41385 41415 257
41390 41438 35
41397 41425 87
41420 41427 140
41448 41463 34
41470 41496 182
41488 41528 175
41505 41514 38
41514 41558 275
41542 41545 265
41571 41603 130
41593 41618 220
41612 41658 197
41619 41667 89
41641 41666 170
41649 41665 152
41664 41681 20
41677 41725 162
41693 41723 107
41718 41746 287
41744 41745 115
41749 41786 67
41767 41782 135
41792 41825 97
41810 41824 213
41839 41861 47
41845 41864 26
41858 41867 53
41866 41886 297
41875 41915 201
41885 41893 32
41903 41922 293
41931 41967 239
41951 41958 105
41965 42010 241
41984 42013 207
42007 42055 48
42015 42035 198
42037 42070 105
42064 42093 201
42092 42107 108
42097 42140 155
42113 42120 164
42143 42160 254
42143 42144 134
42171 42187 135
42193 42206 44
42212 42243 277
42219 42235 227
42247 42291 16
42271 42302 82
42299 42327 208
42325 42326 82
42327 42339 276
42340 42359 85
42357 42371 137
42358 42392 46
42358 42374 66
42386 42407 283
42412 42428 17
42418 42450 22
42435 42480 105
42454 42466 177
42468 42499 216
42484 42491 13
42511 42550 233
42526 42529 56
42539 42557 115
42556 42576 184
42586 42604 115
42587 42597 141
42593 42599 221
42596 42617 141
42621 42634 81
42621 42656 31
42651 42679 299
42658 42670 257
42664 42671 98
42668 42693 257
42676 42683 13
42697 42714 188
42701 42727 237
42701 42727 279
42725 42769 88
42734 42747 266
42744 42748 120
42754 42780 85
42760 42790 199
42786 42822 240
42792 42833 57
42806 42841 124
42825 42860 266
42852 42863 157
42876 42916 160
42889 42900 225
42917 42931 294
42917 42942 241
42933 42977 260
42943 42950 193
42947 42951 13
42972 43004 177
42997 43005 280
42998 43042 67
43005 43040 189
43022 43032 204
43037 43075 83
43043 43071 18
43045 43087 264
43068 43078 106
43089 43122 191
43108 43109 183
43137 43158 128
43156 43194 16
43184 43225 84
43214 43217 3
43230 43241 294
43240 43276 84
43241 43271 146
43259 43265 58
43272 43321 70
43291 43309 283
43304 43339 298
43312 43324 113
43331 43374 57
43350 43376 88
43356 43371 14
43377 43421 76
43396 43436 190
43420 43460 81
43424 43472 206
43444 43473 176
43464 43513 217
43477 43484 160
43485 43504 14
43501 43534 245
43518 43549 294
43520 43523 41
43525 43546 188
43539 43571 213
43557 43559 174
43571 43616 268
43577 43611 171
43597 43631 208
43600 43621 294
43608 43612 1
43610 43630 155
43630 43637 10
43649 43686 264
43649 43679 20
43676 43691 198
43695 43717 215
43697 43730 293
43708 43716 126
43723 43724 77
43748 43760 2
43754 43796 241
43767 43800 156
43794 43839 120
43799 43831 192
43815 43864 19
43845 43883 72
43860 43904 293
43866 43887 28
43878 43923 196
43889 43924 182
43902 43920 222
43907 43953 7
43908 43957 90
43933 43981 143
43955 44001 292
43968 44014 187
43987 44036 283
44014 44052 287
44043 44076 259
44060 44064 3
44071 44088 96
44077 44085 140
44084 44118 26
44087 44130 120
44114 44137 269
44120 44163 106
44138 44156 94
44148 44153 165
44164 44200 244
44173 44184 242
44193 44239 221
44203 44249 111
44209 44219 145
44214 44245 30
44243 44266 50
44248 44289 64
44265 44293 63
44277 44298 139
44278 44283 49
44283 44289 88
44306 44321 241
44314 44360 244
44341 44380 38
44353 44357 72
44381 44419 206
44384 44417 180
44387 44423 45
44395 44415 175
44403 44415 6
44429 44476 29
44435 44468 192
44458 44480 300
44477 44481 271
44497 44518 41
44524 44534 132
44543 44561 105
44560 44572 90
44563 44569 140
44581 44616 137
44585 44635 8
44611 44622 156
44630 44661 1
44637 44675 258
44660 44680 46
44668 44675 155
44686 44710 132
44686 44730 300
44702 44740 256
44706 44711 68
44725 44756 276
44740 44741 200
44756 44766 87
44759 44801 162
44766 44768 14
44789 44799 126
44806 44833 274
44819 44829 26
44844 44893 17
44844 44876 177
44851 44879 180
44859 44862 85
44864 44912 254
44884 44934 219
44896 44921 204
44924 44927 194
44932 44966 62
44940 44966 157
44961 44987 182
44967 44974 293
44991 44999 229
45009 45057 244
45022 45052 155
45046 45060 257
45061 45095 92
45090 45128 14
45097 45120 10
45120 45124 103
45143 45155 62
45164 45170 300
45194 45210 183
45209 45251 297
45225 45266 160
45229 45275 193
45251 45299 59
45267 45277 127
45295 45299 58
45324 45365 42
45342 45375 224
45350 45358 244
45376 45389 294
45392 45417 106
45396 45445 89
45421 45450 223
45421 45461 257
45432 45438 262
45454 45483 105
45458 45467 17
45487 45535 18
45509 45542 274
45516 45545 51
45538 45543 230
45556 45594 101
45562 45608 143
45571 45577 117
45593 45624 215
45603 45629 271
45627 45675 71
45643 45663 59
45647 45693 25
45656 45700 203
45666 45714 61
45686 45733 253
45686 45689 98
45686 45702 135
45693 45739 300
45705 45728 178
45734 45741 69
45754 45794 159
45782 45793 175
45793 45811 108
45818 45860 79
45833 45846 83
45858 45868 202
45881 45903 298
45897 45917 58
45907 45929 113
45934 45962 181
45953 45959 54
45974 45976 216
45976 45984 188
46005 46022 67
46027 46076 195
46028 46077 65
46052 46094 108
46076 46108 127
46080 46130 232
46088 46091 279
46089 46117 98
46102 46126 203
46114 46118 4
46135 46168 83
46159 46201 11
46175 46191 250
46187 46206 61
46194 46239 230
46202 46250 49
46207 46219 122
46214 46221 106
46216 46235 182
46235 46280 292
46242 46255 36
46250 46291 60
46250 46269 75
46254 46303 12
46281 46314 193
46305 46315 147
46318 46356 222
46320 46354 148
46324 46331 23
46340 46358 288
46361 46372 154
46385 46391 50
46391 46420 170
46419 46424 222
46442 46472 207
46445 46454 265
46464 46468 54
46477 46527 100
46493 46523 177
46517 46518 175
46534 46583 220
46550 46564 38
46575 46588 295
46579 46592 55
46584 46620 69
46610 46659 260
46631 46650 298
46661 46684 147
46674 46678 212
46694 46737 287
46709 46723 260
46735 46759 297
46741 46776 269
46771 46786 149
46796 46836 49
46819 46848 110
46827 46876 153
46834 46847 255
46855 46857 117
46855 46898 74
46870 46878 150
46884 46928 226
46910 46933 244
46924 46958 86
46943 46983 163
46954 46993 147
46960 46975 243
46961 47000 195
46972 46978 185
46982 46997 214
47012 47039 179
47032 47063 219
47060 47096 199
47090 47096 70
47105 47112 298
47135 47182 222
47157 47186 106
47160 47181 129
47187 47195 123
47199 47209 205
47217 47248 14
47223 47234 261
47230 47275 28
47245 47294 112
47255 47260 274
47260 47291 214
47289 47335 226
47291 47296 59
47303 47338 163
47308 47342 215
47329 47330 264
47330 47359 85
47337 47373 170
47337 47342 20
47348 47395 258
47365 47411 39
47373 47388 122
47387 47405 246
47409 47436 299
47423 47467 80
47443 47462 175
47452 47462 112
47473 47515 87
47503 47539 14
47518 47563 244
47522 47561 93
47527 47563 2
47541 47553 254
47565 47585 84
47592 47598 168
47595 47611 1
47599 47604 166
47608 47642 246
47628 47676 298
47631 47661 137
47645 47675 287
47671 47675 83
47701 47748 95
47704 47739 210
47721 47738 58
47743 47781 205
47763 47788 149
47781 47816 250
47782 47824 245
47808 47828 219
47836 47873 73
47850 47874 287
47858 47891 255
47861 47895 222
47884 47930 103
47908 47918 240
47915 47921 204
47945 47965 213
47953 48001 292
47982 48021 235
48009 48027 68
48015 48028 99
48035 48071 33
48061 48069 258
48082 48086 124
48084 48129 51
48098 48128 128
48099 48103 107
48104 48149 12
48125 48148 32
48148 48185 97
48174 48222 109
48191 48238 132
48202 48237 144
48216 48219 236
48221 48230 108
48225 48233 167
48231 48278 199
48239 48257 237
48246 48250 274
48263 48273 300
48282 48319 288
48297 48303 38
48313 48323 247
48343 48368 207
48359 48386 29
48376 48386 169
48401 48406 236
48430 48459 194
48444 48448 223
48463 48505 159
48485 48495 259
48498 48514 1
48500 48522 124
48501 48517 149
48516 48523 47
48521 48555 219
48535 48572 190
48562 48598 118
48562 48593 122
48586 48625 262
48596 48600 164
48613 48654 48
48631 48645 156
48633 48645 212
48647 48664 119
48668 48695 232
48688 48731 53
48718 48737 233
48724 48761 153
48730 48738 130
48754 48775 100
48782 48820 3
48793 48831 11
48818 48834 210
48828 48851 273
48831 48881 182
48839 48886 78
48852 48864 136
48867 48902 131
48892 48929 220
48904 48930 34
48913 48938 127
48922 48946 20
48930 48954 137
48948 48967 210
48951 48991 86
48973 48999 75
48991 49033 45
48997 49033 35
49016 49054 174
49017 49059 282
49018 49034 105
49042 49051 164
49058 49065 79
49083 49126 50
49106 49152 265
49118 49126 265
49143 49193 28
49157 49163 156
49184 49207 293
49208 49211 56
49225 49232 227
49247 49283 134
49251 49277 264
49254 49270 173
49257 49270 35
49267 49314 159
49290 49326 88
49298 49330 300
49308 49325 23
49328 49335 276
49340 49349 34
49351 49358 218
49377 49426 278
49390 49405 82
49401 49444 181
49431 49469 20
49444 49470 233
49464 49469 91
49474 49499 134
49483 49529 20
49495 49528 107
49525 49561 113
49539 49562 177
49568 49596 161
49580 49593 15
49598 49638 5
49619 49650 170
49646 49667 245
49671 49710 32
49688 49694 6
49696 49710 80
49718 49757 82
49726 49764 79
49731 49739 23
49732 49764 248
49753 49771 127
49763 49809 46
49768 49772 29
49780 49794 195
49790 49804 269
49808 49842 149
49817 49819 125
49832 49867 236
49836 49857 1
49838 49858 68
49850 49857 70
49866 49870 131
49895 49899 291
49902 49913 163
49932 49933 266
49941 49972 7
49949 49983 88
49972 49984 52
49992 50006 140
50020 50057 216
50020 50053 70
50036 50041 35
50058 50064 242
50068 50106 287
50098 50104 242
50118 50130 209
50128 50178 93
50139 50160 107
50139 50162 75
50159 50206 119
50189 50191 151
50201 50203 64
50225 50234 128
50254 50283 219
50262 50303 250
50265 50276 137
50291 50321 80
50293 50295 84
50298 50345 268
50306 50348 198
50306 50356 36
50309 50315 257
50336 50361 243
50348 50357 151
50365 50384 276
50367 50404 118
50367 50381 37
50392 50421 78
50416 50433 117
50427 50435 243
50436 50486 235
50458 50488 10
50479 50506 268
50504 50551 158
50504 50539 123
50512 50535 300
50541 50591 158
50560 50598 127
50568 50608 198
50575 50576 100
50602 50634 84
50625 50641 191
50653 50670 217
50682 50719 222
50693 50731 52
50717 50748 288
50744 50753 260
50756 50774 201
50761 50780 18
50770 50792 46
50794 50818 119
50809 50826 227
50834 50848 113
50843 50860 194
50860 50909 178
50876 50890 214
50884 50889 255
50890 50921 288
50913 50941 128
50931 50960 219
50961 50985 123
50971 51009 277
51000 51022 120
51000 51024 100
51027 51065 41
51048 51049 237
51057 51071 219
51069 51108 265
51077 51087 278
51097 51139 64
51108 51117 287
51130 51174 199
51155 51167 64
51175 51181 64
51200 51222 43
51206 51238 174
51235 51277 274
51259 51286 122
51270 51320 137
51274 51317 92
51291 51300 59
51304 51346 299
51326 51370 23
51340 51362 118
51349 51358 258
51377 51405 232
51406 51451 251
51408 51414 45
51409 51441 163
51439 51446 290
51469 51492 169
51490 51531 238
51518 51528 124
51522 51554 110
51525 51538 65
51529 51536 209
51541 51551 204
51549 51590 207
51570 51600 33
51574 51593 19
51598 51618 231
51604 51606 253
51615 51646 227
51628 51669 236
51654 51661 119
51657 51663 243
51687 51723 189
51690 51701 138
51711 51753 178
51716 51726 165
51723 51744 17
51737 51771 12
51737 51754 27
51760 51765 125
51770 51815 75
51799 51802 135
51803 51809 271
51828 51852 239
51840 51852 297
51855 51893 131
51883 51926 221
51905 51937 151
51924 51946 44
51951 51962 9
51969 51999 265
51998 52009 7
52018 52057 96
52027 52034 158
52055 52089 22
52071 52116 64
52086 52124 29
52090 52114 126
52116 52125 187
52117 52164 241
52137 52138 261
52140 52155 4
52146 52165 114
52176 52186 44
52191 52204 86
52221 52231 146
52249 52295 226
52249 52283 269
52249 52282 55
52255 52285 134
52269 52283 156
52292 52313 142
52311 52345 234
52312 52325 215
52337 52363 231
52363 52383 159
52382 52419 179
52403 52438 47
52414 52423 41
52430 52466 71
52446 52478 133
52459 52471 200
52475 52514 288
52504 52546 106
52512 52559 218
52518 52542 73
52527 52570 165
52555 52578 157
52564 52600 233
52568 52592 195
52578 52624 272
52589 52631 180
52597 52616 139
52622 52640 203
52633 52639 84
52646 52679 79
52674 52685 55
52696 52703 190
52721 52722 25
52746 52748 7
52755 52787 194
52763 52764 27
52790 52840 212
52815 52861 10
52837 52875 205
52860 52897 236
52868 52917 134
52869 52879 1
52895 52944 54
52900 52901 145
52922 52956 79
52926 52963 7
52943 52962 146
52971 52992 25
52975 53016 277
52982 52990 202
53004 53052 56
53017 53063 147
53025 53032 201
53043 53090 260
53067 53078 200
53075 53095 92
53101 53120 83
53116 53126 195
53137 53155 119
53149 53187 232
53149 53162 261
53157 53191 103
53160 53165 80
53186 53195 268
53187 53200 4
53196 53230 27
53214 53243 160
53243 53261 27
53253 53279 232
53267 53316 48
53277 53313 85
53283 53328 282
53295 53311 143
53307 53333 60
53337 53358 176
53364 53400 293
53381 53416 60
53383 53408 275
53385 53396 91
53392 53438 146
53415 53421 110
53427 53475 257
53444 53488 132
53446 53476 75
53450 53495 217
53458 53489 244
53462 53472 57
53463 53466 149
53464 53512 149
53479 53486 31
53504 53515 42
53518 53560 11
53535 53537 267
53536 53572 25
53552 53562 166
53567 53600 169
53589 53596 127
53606 53621 114
53632 53673 293
53652 53658 100
53676 53688 164
53692 53717 235
53719 53745 292
53746 53750 204
53758 53795 26
53781 53790 205
53786 53831 127
53794 53804 84
53800 53808 169
53809 53832 163
53826 53835 282
53834 53872 90
53850 53871 149
53865 53895 157
53895 53937 83
53907 53921 222
53933 53962 71
53939 53940 232
53942 53960 191
53955 54002 253
53985 54022 178
53989 54031 288
53995 54004 195
54022 54064 212
54025 54064 145
54028 54057 103
54037 54054 123
54065 54104 56
54074 54123 120
54103 54131 234
54105 54118 178
54122 54134 10
54135 54174 96
54137 54146 55
54164 54182 155
54192 54197 71
54211 54220 284
54234 54238 54
54263 54301 145
54270 54303 38
54270 54300 256
54289 54321 164
54291 54333 290
54296 54300 196
54302 54352 33
54324 54341 180
54348 54373 69
54349 54369 130
54362 54372 264
54380 54418 28
54396 54412 106
54424 54463 299
54432 54474 144
54442 54478 69
54464 54471 282
54464 54506 201
54474 54512 133
54500 54546 134
54501 54543 65
54504 54530 123
54510 54535 127
54538 54587 91
54550 54568 252
54551 54571 12
54574 54591 32
54588 54618 250
54594 54639 77
54607 54617 48
54609 54640 74
54615 54625 23
54632 54681 266
54662 54681 160
54663 54706 275
54688 54714 212
54704 54745 201
54708 54757 98
54738 54779 28
54768 54770 272
54777 54806 45
54777 54808 104
54792 54804 61
54822 54838 191
54828 54875 284
54836 54847 281
54858 54893 262
54875 54906 263
54880 54912 12
54896 54927 199
54908 54935 263
54920 54928 183
54937 54965 224
54943 54976 267
54947 54954 262
54960 54990 214
54986 54987 119
55005 55055 282
55020 55036 53
55038 55088 98
55043 55053 184
55051 55094 231
55059 55078 167
55059 55071 167
55063 55106 110
55084 55095 235
55089 55111 203
55091 55107 190
55093 55110 266
55116 55149 64
55121 55170 280
55133 55181 50
55149 55182 85
55161 55209 40
55184 55210 168
55206 55251 19
55234 55278 214
55259 55306 143
55267 55274 44
55272 55295 90
55278 55292 279
55284 55307 143
55305 55322 92
55329 55374 126
55335 55368 163
55365 55404 277
55388 55401 281
55400 55435 131
55418 55421 174
55429 55477 54
55436 55478 66
55455 55489 21
55479 55518 142
55504 55518 220
55530 55550 56
55537 55562 60
55550 55579 20
55551 55553 231
55552 55572 34
55575 55609 220
55585 55629 59
55608 55655 167
55633 55680 67
55660 55683 30
55669 55699 271
55684 55726 60
55695 55719 105
55716 55757 268
55724 55737 170
55746 55780 80
55757 55782 137
55780 55819 122
55783 55797 113
55811 55846 71
55829 55832 223
55843 55873 71
55871 55905 205
55896 55921 249
55911 55928 186
55940 55957 292
55969 56004 82
55978 56021 201
55997 56035 215
56026 56055 42
56050 56060 13
56062 56065 201
56083 56130 56
56093 56097 133
56099 56134 197
56106 56116 233
56118 56130 284
56128 56144 151
56142 56191 185
56168 56209 191
56176 56197 248
56199 56230 224
56200 56237 105
56205 56248 48
56209 56226 239
56224 56242 264
56236 56247 76
56248 56261 257
56262 56279 160
56266 56287 90
56278 56286 213
56291 56307 209
56319 56364 160
56341 56349 291
56370 56414 172
56389 56429 266
56400 56441 219
56410 56436 270
56410 56422 18
56431 56457 133
56461 56484 271
56488 56531 8
56498 56504 164
56500 56507 216
56527 56562 143
56535 56585 285
56537 56549 253
56541 56542 116
56565 56607 154
56571 56617 255
56575 56588 202
56583 56595 122
56602 56636 274
56625 56646 180
56635 56642 138
56645 56674 197
56649 56694 24
56666 56697 41
56683 56711 203
56686 56733 109
56712 56734 7
56718 56765 32
56739 56748 142
56740 56772 187
56742 56787 170
56745 56782 172
56745 56769 293
56755 56787 194
56767 56772 116
56781 56805 99
56785 56802 278
56804 56846 258
56818 56840 177
56819 56849 28
56822 56860 254
56840 56876 281
56840 56882 186
56869 56877 90
56892 56932 189
56901 56910 102
56921 56943 62
56945 56965 154
56962 56989 135
56973 57021 217
56974 57015 10
56996 57022 273
57019 57040 120
57039 57049 98
57060 57075 261
57080 57114 119
57091 57139 90
57099 57108 143
57121 57160 205
57143 57167 98
57166 57210 65
57175 57179 55
57203 57235 259
57225 57251 13
57252 57290 162
57275 57294 110
57284 57334 92
57294 57316 51
57313 57325 79
57314 57335 101
57319 57356 39
57328 57362 50
57328 57330 5
57347 57367 257
57372 57421 216
57399 57402 152
57429 57477 293
57443 57456 45
57458 57478 255
57481 57523 115
57489 57511 300
57518 57554 102
57539 57549 296
57544 57574 263
57549 57586 221
57555 57575 124
57584 57631 13
57598 57636 89
57600 57628 178
57618 57646 246
57630 57633 223
57630 57653 105
57645 57663 201
57675 57684 33
57683 57721 226
57702 57713 256
57727 57737 293
57755 57791 41
57772 57791 214
57789 57827 64
57803 57816 98
57810 57824 279
57834 57845 139
57835 57864 229
57845 57856 40
57847 57895 270
57866 57897 125
57881 57908 63
57882 57914 76
57883 57906 284
57883 57902 149
57890 57934 81
57915 57958 232
57928 57969 61
57951 57961 228
57971 57988 97
57987 58005 166
57996 58040 10
58022 58071 29
58050 58052 71
58072 58108 21
58085 58116 92
58102 58125 283
58113 58120 235
58134 58178 283
58164 58210 34
58174 58198 16
58178 58215 33
58196 58236 102
58219 58253 292
58222 58262 189
58239 58274 30
58260 58310 156
58286 58290 35
58297 58304 113
58326 58364 111
58341 58366 174
58341 58381 104
58361 58387 23
58366 58389 140
58394 58444 61
58422 58439 180
58443 58466 262
58459 58492 263
58483 58508 92
58486 58516 175
58513 58533 183
58526 58566 184
58550 58569 61
58557 58595 63
58579 58607 139
58579 58629 196
58589 58603 78
58596 58616 271
58597 58620 112
58614 58616 47
58617 58620 223
58641 58656 1
58646 58696 171
58651 58662 122
58668 58712 7
58678 58686 70
58690 58713 106
58702 58733 214
58722 58772 283
58740 58763 247
58740 58781 181
58749 58776 117
58760 58784 252
58782 58794 229
58808 58852 198
58835 58836 140
58857 58904 118
58858 58862 67
58876 58883 45
58880 58902 252
58888 58912 235
58914 58916 71
58926 58927 30
58943 58959 92
58969 58995 283
58979 59029 101
58980 58998 99
58982 59001 111
58989 59017 175
58989 59022 104
58999 59036 265
59006 59027 184
59029 59065 164
59033 59037 210
59053 59066 86
59079 59106 123
59083 59103 202
59093 59141 191
59097 59114 278
59107 59125 243
59113 59118 64
59140 59144 145
59164 59186 94
59164 59191 77
59184 59195 100
59189 59237 25
59189 59226 297
59195 59222 13
59223 59273 195
59252 59290 13
59278 59325 38
59291 59295 205
59319 59337 255
59321 59332 35
59351 59400 259
59357 59366 276
59379 59421 276
59404 59422 48
59411 59429 199
59431 59474 136
59461 59472 17
59467 59511 2
59480 59497 125
59507 59531 47
59527 59553 126
59549 59581 77
59574 59580 212
59576 59621 277
59597 59624 21
59604 59649 263
59611 59628 202
59626 59633 22
59649 59684 153
59671 59716 300
59674 59720 106
59691 59723 136
59699 59733 24
59706 59741 213
59710 59738 241
59714 59715 155
59731 59750 66
59744 59791 163
59766 59798 4
59784 59819 287
59808 59836 208
59821 59826 105
59833 59855 158
59843 59855 148
59847 59859 10
59860 59895 255
59876 59883 203
59878 59901 190
59883 59899 266
59897 59911 39
59918 59924 221
59945 59966 162
59955 59990 241
59969 60005 150
59973 60019 63
59992 60006 51
59995 60019 165
59995 59996 36
59997 60046 130
60011 60041 136
60038 60042 116
60058 60108 99
60074 60092 191
60077 60127 250
60084 60122 9
60111 60161 212
60136 60156 72
60164 60187 259
60193 60195 110
60215 60262 131
60216 60265 76
60236 60260 221
60261 60286 128
60282 60293 140
60295 60327 48
60307 60320 286
60330 60337 289
60343 60386 37
60344 60387 183
60359 60390 190
60359 60392 196
60376 60402 58
60378 60403 102
60396 60425 182
60409 60453 293
60420 60450 130
60424 60427 16
60451 60499 275
60481 60515 162
60508 60552 66
60511 60561 253
60520 60567 47
60538 60586 159
60561 60594 193
60570 60613 152
60579 60586 162
60604 60646 249
60610 60616 288
60612 60648 184
60621 60670 117
60627 60631 254
60636 60652 172
60651 60668 63
60681 60706 122
60685 60694 59
60704 60721 34
60718 60764 174
60719 60742 151
60732 60776 168
60749 60774 176
60763 60806 93
60765 60784 193
60787 60804 57
60789 60815 82
60794 60806 107
60822 60863 18
60840 60843 252
60857 60907 38
60879 60893 104
60881 60912 233
60891 60897 24
60912 60936 151
60939 60959 54
60962 60991 112
60966 60982 179
60972 60978 145
60985 61027 79
60992 61011 16
61020 61043 118
61045 61055 276
61061 61079 43
61068 61073 4
61076 61108 82
61085 61130 93
61099 61103 87
61102 61106 227
61116 61141 257
61139 61144 101
61143 61157 270
61155 61187 201
61169 61172 209
61196 61198 261
61210 61225 60
61226 61276 214
61232 61245 67
61239 61249 223
61266 61294 4
61273 61294 13
61281 61308 288
61299 61345 270
61313 61314 297
61316 61322 232
61337 61383 101
61364 61405 71
61393 61410 77
61394 61444 137
61418 61451 41
61429 61443 74
61429 61457 159
61457 61485 255
61475 61523 40
61504 61548 108
61531 61545 92
61547 61563 279
61576 61582 40
61605 61618 17
61619 61640 40
61632 61634 111
61639 61646 24
61647 61655 256
61657 61680 239
61675 61699 5
61677 61685 267
61704 61747 111
61721 61759 37
61743 61789 219
61760 61774 154
61787 61829 113
61810 61838 212
61815 61852 105
61828 61830 34
61834 61851 154
61854 61895 81
61860 61867 195
61874 61896 153
61891 61910 96
61907 61955 183
61920 61937 168
61947 61954 18
61964 61998 162
61964 62002 240
61976 61982 58
61976 61993 77
62003 62013 272
62011 62051 100
62012 62058 217
62024 62046 6
62051 62085 208
62070 62117 255
62081 62097 64
62102 62130 274
62116 62157 45
62133 62179 240
62138 62170 110
62149 62150 293
62169 62213 243
62176 62205 95
62181 62220 148
62199 62224 123
62217 62235 138
62235 62246 148
62265 62306 237
62294 62298 146
62311 62329 104
62316 62347 16
62319 62333 290
62331 62356 274
62342 62354 262
62348 62361 181
62372 62413 110
62372 62375 172
62401 62432 98
62407 62408 86
62420 62427 227
62437 62462 88
62449 62460 283
62473 62497 1
62482 62486 238
62484 62534 102
62501 62548 62
62520 62561 58
62524 62572 78
62531 62541 100
62551 62552 19
62577 62618 109
62587 62614 7
62597 62609 48
62622 62630 184
62649 62660 151
62654 62665 292
62654 62696 297
62666 62672 251
62696 62710 260
62699 62720 88
62700 62724 106
62716 62765 261
62741 62783 254
62754 62793 17
62761 62798 26
62780 62822 238
62804 62842 131
62822 62835 48
62847 62866 57
62857 62893 9
62874 62914 279
62899 62900 47
62899 62909 296
62918 62929 219
62923 62955 223
62946 62956 25
62953 62996 85
62960 62970 124
62984 63025 42
62990 63007 274
63003 63025 137
63012 63043 150
63018 63056 184
63035 63062 246
63061 63095 14
63074 63095 233
63091 63096 3
63097 63106 155
63105 63132 36
63113 63151 108
63132 63179 90
63137 63146 191
63143 63153 168
63170 63203 110
63190 63226 150
63209 63241 203
63223 63252 155
63224 63249 195
63232 63250 107
63241 63256 94
63258 63279 193
63260 63275 61
63275 63286 207
63293 63332 205
63323 63348 272
63336 63377 79
63364 63370 268
63378 63415 68
63383 63424 35
63391 63424 148
63403 63408 209
63407 63422 80
63414 63434 212
63433 63474 176
63456 63468 14
63485 63522 71
63508 63512 288
63510 63515 113
63510 63513 166
63540 63541 142
63567 63588 58
63577 63622 244
63598 63627 265
63624 63672 265
63625 63663 128
63652 63653 176
63658 63692 140
63675 63697 109
63686 63720 26
63698 63741 289
63718 63752 184
63722 63725 243
63747 63769 136
63772 63806 153
63794 63813 196
63808 63847 121
63809 63821 288
63837 63860 53
63852 63877 33
63868 63902 135
63877 63888 32
63877 63897 79
63880 63895 100
63909 63927 287
63922 63926 250
63934 63978 267
63939 63946 152
63948 63951 123
63971 64019 12
63984 64011 47
64011 64020 106
64037 64076 232
64046 64064 203
64068 64118 222
64079 64116 3
64089 64121 284
64117 64133 225
64129 64138 130
64139 64179 107
64158 64185 100
64158 64167 273
64174 64176 7
64195 64244 200
64195 64201 86
64225 64245 17
64229 64279 164
64258 64299 202
64262 64288 287
64263 64280 111
64289 64333 65
64316 64319 60
64323 64356 140
64331 64381 263
64355 64388 257
64385 64435 243
64392 64413 86
64393 64415 152
64404 64430 231
64433 64439 9
64443 64460 216
64459 64473 70
64465 64486 243
64471 64494 259
64489 64539 228
64495 64542 227
64520 64540 80
64533 64582 286
64561 64575 61
64564 64573 285
64581 64600 122
64587 64588 111
64589 64621 296
64602 64622 152
64613 64625 77
64628 64661 8
64632 64633 3
64633 64639 4
64651 64659 125
64664 64667 232
64666 64699 156
64695 64698 89
64718 64746 192
64728 64748 24
64750 64776 69
64760 64792 161
64774 64823 206
64783 64812 34
64789 64829 154
64796 64799 266
64820 64854 130
64820 64851 24
64850 64890 218
64854 64868 28
64861 64869 216
64868 64913 150
64874 64889 293
64902 64938 15
64917 64940 197
64921 64940 90
64929 64935 294
64929 64966 173
64951 64963 125
64963 64992 114
64985 65008 193
64990 64998 264
64998 65046 77
65010 65032 4
65027 65058 155
65029 65039 222
65041 65073 166
65043 65050 281
65052 65084 100
65054 65086 53
65074 65104 178
65076 65080 36
65082 65088 95
65107 65139 259
65115 65135 231
65132 65169 156
65146 65176 285
65174 65176 151
65174 65187 166
65184 65233 240
65197 65234 175
65225 65235 9
65254 65262 281
65277 65284 253
65299 65312 52
65300 65350 260
65311 65326 120
65337 65371 140
65344 65380 256
65367 65395 151
65386 65419 22
65388 65421 82
65418 65425 253
65423 65472 193
65448 65453 249
65454 65480 25
65459 65505 283
65465 65490 5
65489 65500 270
65510 65514 261
65538 65560 139
65564 65576 128
65586 65600 141
65615 65636 242
65623 65643 71
65623 65645 136
65630 65640 215
65636 65660 122
65648 65664 2
65656 65681 4
65686 65696 84
65701 65729 167
65724 65745 185
65744 65777 295
65762 65768 1
65790 65796 41
65808 65814 215
65812 65862 148
65834 65836 64
65846 65890 14
65860 65871 167
65875 65909 300
65898 65910 38
65901 65930 269
65908 65914 6
65918 65927 97
65928 65970 142
65949 65985 167
65970 65989 242
65998 66029 266
66015 66061 276
66018 66048 19
66019 66043 27
66023 66065 263
66043 66067 195
66050 66089 12
66067 66113 244
66094 66127 110
66109 66118 95
66120 66127 203
66127 66173 288
66136 66143 15
66138 66157 288
66142 66177 264
66160 66168 287
66164 66170 160
66187 66202 254
66194 66205 179
66223 66243 272
66231 66246 146
66258 66281 169
66274 66275 42
66302 66335 105
66327 66366 46
66333 66378 213
66346 66392 51
66357 66400 281
66377 66410 292
66389 66420 258
66411 66435 4
66415 66430 112
66422 66453 212
66441 66449 299
66457 66479 139
66485 66503 243
66505 66528 113
66512 66532 148
66521 66523 176
66529 66542 286
66533 66534 18
66545 66574 177
66546 66556 149
66559 66567 92
66585 66628 13
66612 66617 142
66627 66664 198
66633 66673 123
66643 66671 58
66668 66711 168
66678 66692 3
66693 66733 108
66718 66756 76
66734 66776 78
66734 66762 111
66759 66761 79
66777 66806 256
66794 66830 37
66820 66867 161
66820 66864 89
66832 66873 57
66850 66866 130
66879 66894 46
66880 66928 68
66887 66915 232
66899 66935 236
66907 66944 241
66924 66958 15
66931 66962 162
66950 66980 177
66953 66997 156
66966 66979 23
66977 67024 299
67006 67016 214
67017 67046 110
67032 67059 53
67041 67078 136
67049 67057 194
67071 67121 8
67088 67132 78
67112 67128 113
67138 67164 190
67144 67169 162
67164 67185 32
67188 67231 234
67194 67229 202
67203 67222 168
67221 67234 98
67237 67285 181
67264 67279 272
67273 67303 1
67301 67325 124
67324 67328 152
67348 67369 20
67373 67374 38
67375 67402 156
67384 67392 260
67400 67408 190
67414 67435 108
67436 67457 26
67442 67466 149
67471 67485 236
67485 67501 220
67515 67552 167
67529 67570 215
67537 67551 120
67537 67553 161
67540 67567 146
67544 67561 275
67574 67612 93
67604 67652 144
67629 67673 220
67647 67687 244
67670 67702 207
67694 67729 218
67712 67755 264
67730 67771 270
67737 67776 69
67766 67778 123
67778 67797 150
67789 67818 285
67816 67818 251
67827 67841 160
67828 67835 6
67828 67840 69
67847 67884 164
67852 67875 263
67879 67912 18
67887 67927 34
67908 67920 79
67936 67972 115
67944 67979 5
67945 67976 168
67967 68004 206
67991 67993 99
68012 68041 173
68024 68070 266
68037 68056 277
68060 68081 180
68084 68095 179
68096 68135 261
68116 68152 104
68137 68171 26
68154 68196 38
68163 68170 141
68192 68214 13
68214 68225 138
68217 68230 66
68223 68233 153
68239 68241 272
68242 68288 168
68271 68308 41
68301 68339 157
68305 68341 263
68326 68369 150
68335 68361 284
68353 68394 289
68356 68367 125
68385 68407 188
68402 68411 12
68419 68467 278
68439 68483 23
68445 68454 243
68467 68475 136
68480 68488 83
68498 68523 3
68512 68520 226
68519 68546 236
68521 68534 179
68550 68571 52
68568 68614 104
68571 68615 42
68573 68601 189
68585 68612 5
68600 68633 164
68606 68653 213
68633 68664 255
68634 68645 176
68647 68665 101
68660 68687 7
68673 68686 270
68701 68703 84
68706 68741 79
68724 68772 243
68734 68760 99
68734 68748 300
68743 68774 197
68760 68796 155
68774 68821 279
68787 68825 73
68801 68804 43
68804 68825 136
68814 68827 66
68829 68857 49
68850 68858 188
68868 68902 286
68874 68920 48
68875 68903 264
68894 68897 47
68923 68967 48
68932 68975 64
68933 68971 113
68946 68961 225
68946 68956 201
68971 68981 164
68977 68984 278
68995 69000 255
69009 69029 275
69016 69034 282
69022 69070 236
69040 69087 46
69063 69094 269
69076 69085 137
69096 69101 208
69115 69133 116
69116 69158 280
69145 69161 15
69175 69190 245
69176 69215 22
69206 69249 228
69231 69246 256
69249 69296 154
69259 69282 157
69263 69277 147
69263 69270 296
69263 69287 138
69271 69278 88
69273 69309 155
69296 69334 9
69326 69351 246
69329 69378 238
69351 69361 163
69372 69418 265
69400 69416 166
69427 69459 129
69437 69471 27
69441 69449 98
69459 69473 123
69466 69494 219
69490 69500 244
69498 69500 258
69507 69531 44
69528 69577 250
69548 69557 152
69562 69604 225
69574 69577 133
69581 69620 90
69604 69611 56
69607 69608 177
69611 69614 166
69621 69637 218
69640 69663 5
69650 69677 94
69678 69700 28
69698 69733 270
69710 69759 57
69723 69759 199
69727 69768 284
69729 69759 152
69757 69796 3
69770 69807 256
69781 69791 178
69799 69843 61
69814 69854 114
69830 69878 78
69859 69864 183
69884 69902 72
69910 69946 75
69926 69942 134
69936 69940 62
69955 69991 29
69979 70029 143
70009 70047 165
70023 70061 115
70051 70079 120
70067 70104 43
70086 70094 281
70094 70115 254
70100 70128 244
70117 70133 78
70131 70162 229
70138 70175 159
70168 70195 184
70188 70226 95
70199 70224 298
70221 70222 78
70243 70249 102
70255 70292 59
70274 70319 81
70279 70323 215
70302 70312 50
70309 70330 67
70318 70360 265
70340 70352 84
70360 70404 74
70387 70434 65
70416 70441 142
70440 70456 126
70450 70497 80
70463 70469 265
70465 70500 188
70490 70504 288
70509 70556 195
70512 70523 155
70526 70571 59
70550 70596 300
70579 70626 73
70591 70613 38
70597 70616 297
70619 70642 207
70619 70630 212
70630 70660 235
70631 70651 263
70643 70651 60
70645 70675 14
70659 70660 183
70686 70694 249
70693 70700 132
70717 70741 81
70738 70740 74
70754 70767 97
70769 70787 61
70799 70843 183
70805 70829 81
70805 70816 133
70818 70820 270
70823 70873 222
70823 70836 193
70828 70841 83
70838 70852 33
70859 70863 119
70868 70893 101
70871 70909 158
70874 70881 233
70889 70901 283
70890 70936 41
70897 70939 177
70922 70926 264
70922 70929 78
70934 70967 165
70940 70981 17
70958 70972 106
70978 70979 104
71005 71049 187
71006 71036 65
71019 71024 33
71021 71049 114
71021 71040 188
71045 71087 176
71050 71051 243
71074 71108 183
71084 71117 264
71100 71110 92
71105 71119 284
71126 71150 262
71135 71166 152
71147 71159 138
71154 71187 2
71167 71216 154
71196 71209 20
71198 71242 239
71222 71252 19
71229 71239 8
71253 71300 288
71269 71289 216
71277 71305 203
71291 71306 6
71318 71353 271
71323 71330 209
71333 71352 75
71334 71371 170
71340 71343 223
71344 71378 175
71371 71406 170
71384 71388 165
71412 71417 175
71419 71453 206
71429 71443 176
71443 71454 292
71448 71464 46
71448 71470 142
71450 71479 232
71468 71479 4
71468 71489 231
71491 71535 152
71503 71551 59
71512 71545 237
71526 71562 126
71538 71548 114
71551 71563 123
71567 71614 222
71580 71583 72
71586 71589 108
71608 71627 146
71608 71657 173
71624 71659 29
71628 71669 148
71631 71639 94
71640 71672 14
71652 71658 48
71664 71692 211
71682 71714 67
71711 71753 283
71729 71733 86
71755 71768 242
71766 71815 299
71786 71789 10
71800 71831 192
71824 71859 239
71839 71845 165
71864 71909 221
71875 71888 101
71891 71895 214
71917 71923 277
71942 71982 230
71959 71984 37
71974 72016 260
71985 71992 294
72007 72056 103
72030 72070 37
72046 72082 42
72072 72080 201
72086 72101 288
72109 72145 138
72135 72156 278
72165 72207 177
72167 72198 28
72187 72217 85
72202 72247 238
72214 72223 114
72240 72265 198
72246 72250 135
72251 72285 207
72281 72299 44
72286 72309 204
72300 72321 3
72325 72364 138
72339 72373 69
72353 72400 183
72365 72369 174
72382 72403 130
72385 72410 43
72404 72430 15
72410 72445 64
72437 72470 270
72465 72489 54
72475 72520 210
72484 72508 246
72498 72515 148
72502 72521 289
72522 72567 210
72528 72573 159
72557 72577 295
72576 72591 18
72579 72590 100
72587 72612 274
72595 72629 155
72604 72613 22
72629 72642 98
72654 72659 230
72660 72678 276
72677 72706 45
72678 72718 104
72678 72697 78
72683 72704 259
72690 72727 186
72710 72736 289
72717 72737 33
72746 72793 220
72757 72794 50
72778 72815 253
72785 72798 125
72806 72813 69
72829 72869 223
72846 72852 106
72866 72912 158
72882 72893 143
72892 72902 275
72904 72947 165
72926 72968 157
72934 72935 56
72959 72968 13
72988 73021 282
72992 73034 237
73019 73023 182
73032 73043 225
73057 73087 183
73077 73109 61
73088 73125 30
73118 73136 142
73133 73145 288
73142 73179 227
73147 73155 11
73174 73185 117
73181 73182 178
73199 73248 178
73212 73217 250
73217 73223 183
73237 73263 26
73237 73270 53
73240 73247 106
73258 73265 255
73281 73287 211
73309 73343 18
73326 73332 207
73329 73375 89
73334 73336 259
73346 73383 225
73362 73405 205
73380 73402 153
73381 73410 9
73401 73432 202
73423 73467 71
73430 73449 74
73452 73458 14
73466 73509 90
73473 73477 98
73498 73532 184
73510 73547 269
73531 73551 8
73531 73580 92
73537 73549 16
73559 73579 201
73585 73635 119
73604 73605 291
73628 73676 15
73641 73644 101
73648 73686 163
73656 73661 42
73664 73692 290
73692 73703 225
73693 73708 133
73716 73745 276
73723 73747 65
73734 73744 13
73736 73773 282
73742 73747 108
73762 73777 16
73791 73794 299
73809 73812 12
73833 73843 41
73857 73894 231
73879 73903 250
73882 73914 141
73900 73914 131
73900 73913 124
73901 73951 244
73904 73939 86
73914 73936 10
73936 73943 205
73941 73974 20
73950 73965 120
73967 74009 92
73997 74025 283
74020 74044 174
74022 74034 244
74039 74065 241
74065 74072 77
74089 74139 172
74107 74155 275
74129 74146 71
74159 74162 139
74159 74170 120
74168 74201 73
74173 74216 297
74196 74246 75
74220 74268 15
74224 74243 59
74251 74290 213
74269 74271 295
