5000
0 8 133
3 41 189
8 47 285
27 28 82
52 66 17
79 101 81
86 96 248
115 127 265
123 161 41
143 153 170
154 203 141
159 193 61
185 194 111
189 234 16
202 203 217
229 258 32
235 244 71
264 284 261
294 326 141
294 301 173
319 337 248
327 335 107
332 362 251
345 392 209
369 382 300
394 415 256
396 398 130
419 446 143
432 472 266
435 473 173
465 511 259
483 501 63
492 510 42
495 520 148
507 518 267
510 535 35
518 555 93
527 551 172
534 553 242
553 563 236
568 610 114
577 623 37
589 635 292
619 634 157
643 650 197
649 666 187
671 701 210
691 727 90
702 738 51
712 727 267
725 737 80
748 761 84
759 795 80
762 809 25
781 824 92
805 836 234
829 854 211
846 848 41
847 882 152
857 902 142
860 908 76
869 876 132
896 916 262
901 908 239
922 954 170
934 947 252
957 1002 180
984 1006 132
993 1030 212
993 1033 50
1002 1040 211
1029 1065 97
1039 1054 183
1061 1091 34
1074 1080 199
1079 1128 237
1088 1101 60
1090 1112 160
1120 1166 261
1138 1156 69
1159 1170 243
1182 1226 101
1193 1239 256
1216 1222 81
1222 1272 187
1248 1278 297
1255 1285 233
1278 1304 284
1292 1342 255
1320 1358 17
1326 1357 55
1340 1342 54
1370 1395 27
1378 1425 110
1393 1413 20
1402 1433 131
1407 1441 268
1431 1480 242
1448 1461 228
1467 1489 9
1484 1495 124
1488 1518 122
1508 1526 206
1537 1569 218
1537 1541 37
1562 1611 264
1573 1601 189
1574 1584 276
1575 1611 2
1588 1631 45
1617 1662 185
1622 1626 52
1649 1656 225
1670 1720 100
1680 1709 52
1683 1694 104
1694 1703 183
1714 1738 286
1739 1778 165
1752 1773 68
1779 1817 156
1796 1799 42
1803 1807 183
1814 1818 129
1821 1823 169
1831 1853 76
1858 1894 66
1875 1886 180
1897 1901 31
1915 1936 131
1943 1956 41
1946 1994 82
1956 1974 101
1963 1970 128
1977 1982 236
1994 2011 180
2008 2028 257
2013 2022 271
2031 2074 142
2052 2089 177
2072 2092 246
2099 2100 164
2101 2114 168
2106 2143 89
2112 2149 74
2115 2128 202
2141 2169 283
2154 2200 131
2179 2187 115
2204 2218 122
2227 2241 147
2230 2236 237
2234 2277 90
2250 2298 95
2278 2286 291
2286 2306 210
2298 2324 103
2317 2355 228
2333 2346 259
2346 2391 175
2347 2356 28
2374 2384 198
2386 2390 176
2415 2448 1
2439 2461 200
2466 2486 266
2487 2505 214
2501 2544 288
2531 2542 297
2557 2590 132
2574 2598 144
2590 2599 140
2597 2598 191
2607 2655 67
2618 2623 111
2631 2649 261
2639 2660 288
2652 2664 33
2672 2680 154
2683 2684 89
2684 2698 53
2700 2704 160
2700 2701 286
2707 2726 290
2727 2750 106
2745 2776 236
2750 2768 9
2771 2781 79
2785 2788 179
2815 2851 83
2840 2868 69
2849 2874 123
2858 2860 261
2864 2882 297
2865 2901 11
2893 2940 229
2903 2934 58
2926 2953 77
2953 2955 250
2967 2975 276
2985 2989 238
3001 3043 193
3027 3037 203
3042 3087 67
3047 3088 299
3057 3084 105
3080 3117 229
3109 3140 46
3110 3118 85
3138 3187 21
3149 3157 77
3175 3211 117
3180 3226 186
3192 3209 32
3212 3261 37
3212 3259 231
3216 3233 20
3243 3273 197
3259 3282 122
3274 3278 149
3279 3324 39
3281 3285 116
3301 3333 236
3311 3351 169
3315 3363 10
3332 3342 101
3347 3379 263
3361 3384 49
3372 3404 175
3376 3389 140
3381 3391 223
3398 3433 240
3418 3454 180
3420 3427 91
3426 3467 250
3441 3470 50
3446 3490 73
3470 3475 190
3482 3492 45
3486 3490 59
3493 3517 120
3519 3566 40
3528 3563 108
3533 3553 224
3535 3562 281
3541 3548 230
3564 3597 232
3594 3644 112
3622 3639 123
3635 3647 60
3651 3667 81
3677 3716 13
3691 3703 121
3711 3725 159
3739 3788 75
3746 3761 147
3769 3771 69
3770 3807 230
3800 3844 210
3812 3838 189
3823 3843 62
3829 3874 228
3830 3855 282
3833 3857 246
3846 3847 235
3862 3897 296
3876 3877 44
3877 3885 210
3884 3906 144
3892 3918 77
3902 3929 178
3908 3933 207
3932 3948 248
3950 3958 68
3957 4005 176
3984 4019 224
3991 4007 221
4004 4013 13
4015 4060 280
4024 4053 131
4039 4077 287
4047 4075 246
4062 4089 124
4079 4092 16
4094 4134 265
4098 4148 112
4120 4143 85
4126 4148 20
4138 4168 229
4164 4207 21
4169 4190 195
4193 4210 95
4204 4217 172
4206 4240 20
4212 4236 150
4221 4242 192
4239 4282 59
4248 4252 257
4264 4290 149
4274 4321 221
4283 4287 126
4290 4335 91
4314 4359 244
4324 4326 201
4345 4377 53
4370 4419 116
4397 4441 188
4414 4447 257
4424 4437 262
4425 4450 284
4452 4471 92
4469 4515 48
4479 4483 94
4503 4516 240
4525 4563 130
4534 4538 176
4535 4580 182
4541 4575 270
4553 4599 93
4577 4612 170
4600 4619 99
4606 4651 4
4628 4656 70
4653 4654 230
4663 4668 21
4675 4680 132
4690 4711 202
4702 4710 288
4703 4716 170
4719 4728 293
4749 4759 248
4760 4762 162
4766 4811 40
4782 4827 55
4792 4813 44
4815 4864 139
4825 4828 67
4843 4874 116
4862 4909 275
4876 4903 18
4887 4912 108
4900 4915 139
4913 4949 73
4921 4925 220
4938 4982 112
4953 4957 117
4958 4978 257
4984 5019 210
4996 5031 16
4996 5036 238
5007 5028 184
5027 5049 141
5054 5101 125
5058 5096 256
5067 5079 247
5097 5113 102
5109 5122 225
5117 5151 39
5137 5152 46
5165 5174 112
5190 5228 67
5219 5223 160
5220 5270 230
5237 5273 248
5263 5308 70
5283 5287 128
5310 5325 156
5326 5339 221
5336 5353 148
5357 5399 63
5359 5402 210
5388 5431 198
5413 5432 45
5437 5470 143
5465 5515 109
5494 5521 89
5517 5526 104
5544 5583 140
5560 5562 107
5573 5580 22
5587 5632 184
5610 5654 83
5613 5648 159
5618 5663 277
5642 5670 176
5662 5699 35
5682 5683 249
5708 5754 246
5708 5732 83
5718 5744 152
5726 5767 117
5741 5749 291
5754 5756 263
5763 5796 288
5772 5784 168
5781 5825 231
5805 5842 81
5821 5857 114
5825 5834 68
5848 5887 53
5850 5872 278
5872 5886 14
5898 5909 143
5918 5929 59
5927 5967 194
5932 5934 223
5940 5986 90
5958 5967 33
5964 5990 275
5985 6019 118
6004 6012 272
6032 6033 292
6052 6088 29
6054 6103 214
6058 6103 126
6086 6112 8
6115 6124 159
6123 6130 238
6128 6151 17
6138 6149 64
6150 6161 274
6180 6223 84
6206 6221 99
6217 6266 56
6245 6269 120
6268 6278 94
6284 6318 132
6287 6313 277
6306 6355 290
6306 6314 280
6311 6338 292
6335 6360 140
6337 6386 105
6355 6405 142
6372 6405 47
6387 6431 87
6395 6445 137
6401 6437 150
6423 6458 246
6440 6468 180
6462 6497 204
6478 6481 297
6495 6497 115
6508 6524 31
6530 6539 168
6536 6545 65
6562 6585 163
6581 6615 142
6601 6645 66
6620 6627 41
6623 6642 19
6633 6648 51
6655 6691 23
6681 6700 254
6687 6711 223
6705 6750 11
6713 6725 109
6713 6733 196
6742 6791 83
6751 6795 39
6762 6777 115
6768 6808 123
6775 6824 224
6799 6848 285
6808 6855 168
6811 6833 72
6824 6826 282
6827 6834 128
6838 6886 253
6839 6876 82
6844 6857 199
6873 6895 208
6878 6884 193
6895 6920 221
6907 6946 83
6920 6930 145
6932 6935 241
6945 6959 287
6950 6971 283
6966 7007 112
6993 6999 45
6997 7008 222
7008 7054 192
7036 7043 160
7041 7077 73
7063 7095 11
7089 7097 34
7089 7115 220
7109 7119 11
7127 7158 4
7139 7141 224
7163 7173 15
7179 7224 275
7208 7232 3
7238 7248 188
7262 7291 195
7281 7295 122
7288 7298 257
7316 7328 185
7341 7370 64
7351 7366 17
7364 7375 141
7379 7393 12
7384 7408 225
7404 7440 118
7410 7413 48
7419 7436 141
7448 7466 35
7465 7483 116
7476 7510 58
7501 7549 215
7514 7560 242
7522 7540 40
7537 7570 106
7542 7580 295
7548 7572 129
7555 7556 87
7560 7571 217
7572 7575 288
7589 7611 76
7614 7657 221
7643 7681 37
7662 7665 7
7684 7727 161
7684 7731 209
7713 7755 163
7736 7771 182
7759 7780 66
7783 7831 205
7797 7803 60
7800 7827 25
7822 7864 88
7828 7861 163
7855 7897 148
7861 7869 252
7891 7902 23
7915 7940 178
7944 7976 59
7957 8006 12
7963 8012 82
7989 8006 28
8015 8048 8
8035 8048 40
8039 8048 37
8064 8082 276
8074 8115 101
8089 8123 210
8094 8135 277
8094 8135 166
8113 8126 185
8137 8142 72
8139 8174 190
8144 8191 249
8145 8190 261
8166 8207 94
8169 8187 233
8198 8245 148
8207 8255 53
8226 8253 189
8234 8243 71
8242 8290 295
8255 8296 182
8264 8280 99
8275 8299 148
8291 8305 228
8317 8327 257
8338 8378 228
8347 8391 158
8375 8421 205
8398 8409 69
8402 8438 296
8422 8450 83
8422 8425 295
8432 8455 195
8446 8455 245
8456 8494 16
8477 8489 290
8492 8536 180
8505 8511 154
8514 8564 64
8521 8540 88
8534 8573 260
8538 8574 220
8552 8597 277
8572 8601 77
8602 8628 170
8619 8626 240
8647 8669 199
8676 8694 242
8700 8737 205
8715 8734 63
8715 8742 285
8733 8766 196
8735 8775 37
8743 8776 148
8773 8803 200
8800 8802 221
8827 8874 159
8849 8880 96
8862 8874 127
8875 8902 126
8886 8904 48
8905 8915 166
8914 8920 134
8918 8937 176
8944 8959 263
8957 8970 294
8987 9001 285
9003 9023 85
9014 9060 283
9019 9020 298
9028 9053 198
9040 9070 84
9043 9074 221
9062 9110 227
9074 9093 133
9104 9112 193
9112 9147 198
9112 9154 116
9133 9175 298
9163 9170 219
9163 9184 56
9183 9196 208
9203 9251 164
9221 9249 154
9245 9252 239
9267 9303 178
9290 9292 154
9292 9300 44
9303 9327 178
9317 9333 141
9345 9393 263
9372 9395 10
9394 9397 102
9397 9434 221
9409 9427 149
9412 9435 145
9434 9451 198
9459 9461 30
9460 9464 186
9463 9501 261
9470 9517 259
9490 9531 202
9495 9497 206
9513 9524 208
9513 9523 104
9516 9523 95
9544 9569 277
9549 9553 76
9566 9579 245
9588 9620 185
9593 9606 114
9599 9600 150
9612 9626 198
9613 9661 113
9638 9646 138
9642 9670 269
9642 9667 300
9647 9653 291
9663 9679 183
9669 9694 268
9693 9698 61
9722 9749 87
9749 9792 124
9766 9801 204
9795 9841 220
9796 9843 207
9819 9856 190
9849 9879 148
9855 9900 46
9876 9925 251
9906 9931 264
9910 9939 212
9922 9954 300
9941 9961 200
9961 9968 78
9987 10001 277
9997 10015 74
10018 10029 51
10035 10073 84
10042 10069 278
10067 10112 81
10084 10103 39
10107 10150 282
10114 10160 186
10121 10163 61
10135 10163 293
10148 10190 142
10176 10203 165
10178 10222 2
10203 10234 157
10203 10208 84
10207 10213 40
10230 10232 58
10252 10288 136
10273 10297 186
10296 10331 259
10314 10328 15
10339 10357 257
10340 10354 186
10355 10374 186
10365 10385 120
10387 10407 171
10397 10441 214
10420 10457 142
10445 10476 175
10454 10490 37
10468 10511 68
10480 10486 264
10503 10526 9
10504 10537 156
10531 10577 120
10546 10562 38
10563 10592 102
10575 10621 95
10586 10616 25
10606 10627 75
10625 10671 165
10650 10697 150
10662 10697 133
10664 10682 222
10664 10689 86
10689 10728 60
10694 10738 84
10723 10770 181
10747 10786 207
10767 10815 173
10775 10806 97
10794 10815 102
10820 10834 241
10847 10894 236
10859 10893 59
10874 10879 211
10896 10918 260
10918 10920 204
10931 10945 19
10961 10969 93
10961 10981 29
10975 11025 61
10998 11011 54
11028 11070 284
11031 11038 191
11042 11062 136
11057 11102 80
11084 11086 41
11098 11122 94
11101 11151 206
11114 11134 228
11141 11174 218
11160 11172 208
11185 11215 65
11205 11213 140
11231 11277 73
11249 11275 100
11271 11309 17
11271 11288 66
11283 11323 148
11287 11312 77
11302 11348 295
11302 11317 236
11307 11327 168
11332 11356 2
11333 11369 281
11357 11387 95
11363 11368 32
11372 11400 111
11389 11412 2
11400 11426 64
11415 11462 26
11419 11469 261
11439 11455 277
11451 11480 37
11478 11506 155
11493 11503 33
11499 11527 292
11504 11512 284
11506 11531 12
11519 11521 274
11524 11549 52
11534 11553 42
11555 11578 200
11573 11614 10
11586 11624 2
11603 11646 138
11617 11656 284
11624 11670 21
11634 11649 59
11660 11691 94
11662 11687 109
11672 11679 32
11690 11691 246
11694 11743 118
11701 11719 50
11706 11740 256
11725 11768 16
11755 11805 292
11772 11796 76
11797 11832 244
11815 11842 267
11819 11838 93
11837 11873 268
11867 11908 45
11875 11915 147
11879 11919 95
11896 11933 60
11903 11914 148
11904 11909 141
11928 11941 53
11938 11946 185
11962 11994 126
11991 11997 137
12007 12054 148
12037 12086 177
12039 12080 127
12050 12072 157
12073 12091 255
12081 12084 93
12090 12128 70
12111 12118 35
12113 12130 198
12119 12134 46
12126 12150 289
12126 12144 149
12153 12157 204
12165 12187 183
12181 12190 254
12189 12225 197
12189 12216 15
12200 12250 218
12222 12249 236
12244 12286 281
12248 12279 239
12265 12282 271
12273 12299 166
12286 12322 44
12288 12307 87
12303 12305 35
12327 12372 99
12350 12351 43
12370 12398 46
12385 12424 283
12401 12417 35
12422 12467 166
12426 12444 103
12430 12470 110
12431 12469 153
12460 12483 153
12481 12516 112
12485 12523 293
12491 12503 250
12514 12538 126
12525 12538 141
12541 12543 244
12556 12569 159
12557 12565 263
12563 12587 200
12570 12606 61
12583 12593 160
12594 12617 251
12610 12638 244
12619 12651 294
12619 12667 56
12635 12657 255
12660 12664 200
12679 12713 174
12703 12747 193
12715 12758 277
12731 12777 13
12760 12774 127
12783 12810 56
12809 12848 218
12810 12824 35
12819 12837 50
12838 12841 289
12838 12874 298
12862 12907 195
12866 12910 96
12879 12913 154
12909 12922 16
12929 12940 144
12930 12977 194
12960 12991 89
12971 13004 208
12991 13022 246
13015 13063 211
13037 13051 166
13041 13066 226
13058 13090 214
13069 13080 52
13080 13123 57
13089 13132 177
13096 13106 277
13121 13155 272
13144 13178 84
13147 13175 161
13177 13212 77
13195 13218 9
13218 13239 159
13226 13268 133
13237 13263 142
13263 13313 64
13292 13298 205
13298 13339 92
13306 13339 176
13329 13357 252
13353 13396 267
13353 13363 157
13374 13396 142
13374 13387 108
13376 13421 212
13406 13430 129
13416 13455 298
13416 13448 140
13446 13464 121
13476 13511 258
13482 13517 66
13494 13513 73
13495 13505 152
13509 13520 111
13528 13538 208
13532 13548 222
13552 13573 300
13576 13578 177
13590 13592 128
13614 13641 145
13629 13635 2
13656 13689 68
13660 13678 52
13669 13671 177
13682 13686 283
13707 13735 19
13724 13739 63
13738 13776 129
13765 13769 164
13780 13784 51
13780 13797 271
13787 13811 197
13809 13831 63
13824 13831 188
13831 13832 67
13831 13832 157
13844 13874 253
13865 13869 242
13872 13873 56
13901 13935 230
13928 13974 100
13935 13977 76
13957 13990 144
13969 13993 81
13990 13991 92
14014 14017 42
14034 14039 24
14049 14091 32
14072 14081 125
14086 14115 213
14097 14122 16
14110 14117 219
14138 14185 27
14153 14184 41
14173 14192 252
14178 14212 99
14201 14234 45
14210 14216 183
14212 14232 57
14212 14250 184
14216 14221 138
14231 14276 231
14235 14269 118
14238 14266 221
14267 14299 36
14268 14301 143
14285 14316 100
14312 14322 219
14316 14362 118
14329 14356 211
14334 14362 188
14336 14375 8
14363 14411 202
14387 14411 240
14415 14456 255
14432 14464 182
14441 14486 45
14443 14479 14
14449 14476 236
14460 14488 117
14478 14518 85
14490 14493 95
14503 14522 260
14515 14528 280
14533 14570 224
14545 14595 76
14560 14586 85
14578 14606 26
14599 14629 87
14626 14667 130
14655 14687 274
14682 14712 164
14701 14723 222
14719 14762 286
14720 14743 132
14731 14748 249
14749 14755 26
14777 14788 270
14806 14851 196
14836 14883 92
14849 14868 129
14860 14864 162
14890 14932 18
14890 14904 209
14895 14928 238
14925 14956 231
14942 14955 178
14966 15001 208
14992 15014 28
15001 15050 268
15022 15066 119
15025 15068 41
15038 15086 27
15052 15058 168
15079 15103 52
15087 15101 218
15088 15103 292
15100 15115 61
15105 15140 171
15122 15167 169
15138 15144 88
15166 15168 210
15191 15216 4
15221 15229 120
15224 15255 249
15244 15252 273
15258 15273 145
15265 15293 244
15294 15314 250
15320 15349 271
15341 15346 95
15350 15370 97
15361 15406 290
15388 15414 260
15395 15402 31
15410 15449 67
15431 15459 35
15431 15459 118
15444 15459 250
15461 15506 1
15483 15485 234
15498 15534 297
15521 15523 82
15529 15534 279
15536 15567 192
15545 15579 252
15547 15568 222
15552 15566 80
15576 15610 215
15579 15594 162
15585 15592 179
15593 15613 253
15623 15642 175
15636 15654 295
15637 15640 113
15661 15677 132
15670 15720 247
15697 15702 230
15721 15744 91
15748 15756 228
15773 15821 26
15785 15786 28
15790 15791 251
15791 15840 57
15816 15848 161
15817 15863 159
15839 15875 68
15861 15894 145
15871 15905 65
15890 15937 214
15899 15937 8
15910 15950 212
15910 15915 240
15929 15969 55
15956 16002 120
15961 15978 105
15974 16003 270
15987 16030 49
15988 16025 110
16003 16023 296
16009 16057 223
16009 16042 291
16022 16047 195
16042 16066 18
16049 16095 202
16075 16077 263
16094 16104 273
16094 16095 177
16094 16133 98
16101 16115 129
16111 16151 57
16125 16157 277
16152 16165 9
16162 16192 219
16176 16205 98
16184 16187 216
16195 16241 42
16197 16229 90
16217 16226 199
16242 16285 212
16248 16257 230
16263 16292 41
16263 16284 20
16286 16298 38
16304 16320 268
16309 16357 20
16330 16369 180
16335 16366 45
16354 16392 106
16378 16406 191
16392 16434 252
16394 16417 5
16413 16454 90
16443 16472 70
16455 16465 115
16475 16518 40
16495 16525 144
16504 16526 5
16534 16561 163
16544 16575 69
16545 16587 293
16550 16553 145
16572 16588 80
16593 16625 176
16598 16615 215
16608 16631 87
16620 16658 271
16635 16664 271
16651 16674 48
16675 16708 133
16702 16703 57
16720 16723 63
16729 16746 139
16746 16751 125
16771 16797 111
16796 16831 60
16804 16807 127
16822 16829 284
16831 16850 110
16846 16883 287
16847 16871 114
16863 16904 249
16867 16885 96
16889 16931 40
16903 16911 112
16903 16923 80
16907 16948 292
16923 16968 104
16929 16930 31
16936 16968 212
16963 16977 178
16963 16991 74
16964 16991 132
16974 16979 31
16978 16979 209
16982 17016 248
16996 17027 12
17017 17061 52
17018 17029 58
17034 17048 222
17048 17070 86
17071 17102 21
17094 17130 104
17115 17127 248
17141 17151 65
17170 17213 18
17195 17217 109
17221 17249 221
17227 17261 289
17247 17267 181
17259 17298 188
17282 17328 17
17295 17324 201
17298 17301 271
17326 17368 68
17329 17352 133
17354 17379 242
17366 17394 21
17384 17400 7
17387 17425 280
17389 17403 134
17392 17425 44
17409 17438 26
17409 17438 221
17434 17452 78
17460 17504 135
17483 17487 163
17484 17515 76
17509 17552 67
17537 17556 56
17563 17610 205
17588 17602 229
17617 17623 233
17629 17663 257
17654 17660 196
17676 17724 35
17685 17722 298
17713 17763 148
17724 17769 66
17753 17773 188
17753 17776 274
17767 17772 192
17778 17826 88
17785 17832 62
17813 17823 274
17842 17881 242
17858 17870 138
17869 17892 191
17898 17948 75
17927 17932 161
17957 17970 8
17983 17996 186
17985 17989 215
17992 18003 8
18018 18034 159
18030 18075 81
18058 18093 287
18084 18104 88
18100 18150 139
18112 18155 4
18120 18170 84
18123 18165 124
18150 18163 21
18153 18156 282
18162 18196 142
18187 18191 108
18215 18229 43
18225 18240 283
18246 18252 239
18257 18300 185
18267 18271 169
18275 18324 286
18282 18320 255
18297 18343 280
18313 18340 172
18335 18371 154
18353 18390 285
18372 18420 231
18389 18416 264
18406 18437 23
18436 18465 116
18450 18452 163
18468 18488 2
18492 18505 18
18521 18549 61
18541 18564 68
18569 18600 11
18574 18581 102
18587 18636 264
18613 18631 17
18636 18658 34
18641 18675 122
18660 18695 22
18662 18669 142
18675 18680 274
18687 18698 133
18693 18702 87
18695 18704 73
18722 18749 203
18743 18762 225
18757 18759 122
18759 18808 152
18789 18796 243
18803 18851 168
18833 18881 229
18841 18872 271
18866 18914 83
18883 18906 236
18901 18922 5
18901 18940 50
18910 18945 111
18936 18965 131
18964 18998 213
18992 19012 79
19008 19033 3
19027 19045 187
19051 19065 189
19065 19113 282
19085 19090 69
19109 19128 293
19119 19132 157
19143 19193 56
19149 19195 129
19150 19177 230
19173 19212 96
19188 19213 8
19208 19222 185
19222 19250 240
19247 19259 18
19255 19297 253
19258 19300 133
19262 19279 24
19265 19288 174
19282 19309 45
19308 19316 140
19332 19343 289
19359 19373 129
19386 19403 85
19392 19437 228
19409 19427 31
19423 19442 236
19446 19488 175
19451 19480 80
19465 19467 200
19488 19518 190
19496 19518 286
19497 19546 72
19501 19521 207
19526 19552 225
19554 19599 184
19578 19588 192
19585 19633 231
19605 19607 195
19626 19655 95
19637 19647 249
19640 19642 207
19640 19675 251
19653 19701 21
19661 19699 249
19670 19683 121
19681 19713 292
19687 19710 220
19706 19743 104
19710 19725 269
19726 19762 177
19748 19771 68
19773 19795 27
19776 19783 296
19793 19815 18
19805 19807 26
19824 19832 114
19840 19868 70
19863 19900 61
19889 19917 166
19904 19944 127
19930 19948 57
19934 19955 143
19954 19961 187
19957 19995 167
19965 19999 47
19979 19993 251
19991 20006 61
20003 20053 39
20015 20025 95
20018 20057 137
20029 20073 19
20053 20072 105
20054 20076 153
20072 20086 49
20094 20114 68
20113 20135 295
20143 20152 207
20149 20151 198
20164 20187 84
20176 20186 211
20204 20231 257
20218 20254 3
20242 20275 269
20249 20268 256
20279 20301 257
20289 20296 179
20319 20335 109
20339 20384 117
20352 20378 218
20367 20416 156
20383 20384 83
20401 20423 91
20405 20447 128
20405 20412 255
20417 20446 149
20423 20459 127
20450 20486 263
20476 20523 255
20488 20528 249
20503 20514 118
20508 20547 190
20525 20557 172
20535 20573 9
20540 20564 204
20544 20579 273
20555 20576 298
20556 20562 270
20563 20575 47
20566 20583 229
20581 20591 66
20584 20587 163
20592 20615 199
20601 20642 105
20625 20640 222
20643 20658 42
20643 20688 117
20670 20716 8
20674 20714 33
20695 20703 131
20701 20746 237
20704 20741 252
20725 20759 258
20727 20756 62
20744 20765 150
20748 20781 290
20763 20778 83
20768 20772 103
20798 20839 276
20813 20854 160
20827 20874 268
20840 20848 161
20862 20882 273
20878 20889 273
20889 20904 238
20907 20954 216
20934 20944 8
20955 20965 293
20976 21011 143
20993 21004 274
21003 21052 282
21025 21071 284
21025 21037 125
21034 21073 295
21044 21069 185
21073 21106 257
21086 21117 293
21105 21133 85
21124 21169 249
21135 21150 46
21162 21192 184
21183 21225 197
21203 21204 92
21224 21249 6
21246 21254 69
21269 21299 271
21281 21310 27
21289 21318 8
21307 21343 289
21309 21346 238
21312 21325 22
21342 21357 256
21365 21409 109
21376 21398 261
21386 21407 129
21388 21406 267
21416 21441 6
21424 21465 159
21450 21474 236
21458 21490 77
21462 21491 143
21464 21513 164
21487 21496 277
21490 21498 218
21520 21566 8
21544 21571 166
21570 21607 74
21592 21596 62
21608 21626 69
21620 21645 267
21631 21674 286
21635 21669 102
21654 21696 208
21668 21711 176
21677 21722 226
21686 21711 94
21704 21737 11
21717 21758 232
21735 21755 164
21761 21781 227
21770 21787 13
21793 21826 288
21820 21843 69
21829 21846 259
21844 21870 87
21866 21880 157
21866 21895 154
21869 21891 156
21879 21905 300
21885 21933 233
21886 21889 91
21906 21948 164
21926 21951 216
21938 21975 208
21955 21962 143
21972 21990 248
21975 21988 287
21986 22031 207
22014 22027 62
22034 22073 156
22049 22061 103
22063 22111 15
22071 22108 198
22077 22092 59
22085 22099 34
22102 22118 179
22105 22126 249
22113 22134 114
22116 22154 232
22145 22187 247
22159 22172 162
22179 22222 195
22203 22218 164
22232 22279 300
22247 22287 299
22252 22259 35
22268 22273 41
22282 22327 280
22282 22310 104
22288 22312 50
22311 22342 178
22315 22339 9
22345 22351 102
22358 22366 48
22384 22398 235
22407 22421 147
22413 22454 29
22443 22477 211
22468 22479 102
22486 22488 80
22510 22522 80
22514 22524 185
22536 22556 87
22554 22557 191
22555 22599 242
22579 22625 20
22593 22616 298
22604 22634 121
22632 22660 275
22646 22675 99
22676 22684 82
22700 22749 162
22714 22729 67
22730 22753 281
22749 22753 52
22751 22762 222
22758 22795 114
22768 22811 204
22781 22819 275
22800 22805 273
22820 22861 287
22844 22859 39
22849 22868 122
22879 22898 45
22907 22913 44
22930 22962 203
22958 22985 260
22980 23029 97
22994 23026 263
23000 23017 247
23015 23061 8
23040 23084 95
23066 23069 144
23080 23111 193
23091 23136 211
23101 23150 6
23127 23177 193
23137 23172 55
23153 23190 212
23181 23211 234
23204 23249 104
23234 23254 1
23262 23300 199
23265 23272 61
23267 23269 168
23277 23288 124
23287 23336 135
23299 23331 223
23318 23361 201
23324 23339 203
23342 23373 71
23343 23389 279
23357 23365 154
23364 23406 235
23382 23408 240
23397 23415 148
23412 23445 115
23412 23457 298
23419 23459 93
23431 23441 33
23443 23463 217
23468 23506 130
23493 23509 78
23513 23536 133
23526 23527 32
23535 23563 39
23565 23599 117
23570 23588 132
23599 23611 251
23613 23631 70
23616 23650 192
23620 23652 118
23626 23661 263
23648 23688 242
23648 23697 161
23678 23689 29
23685 23715 274
23709 23740 160
23719 23744 183
23723 23767 262
23731 23739 23
23739 23768 189
23752 23783 240
23771 23809 230
23790 23812 234
23808 23825 3
23815 23817 48
23836 23839 167
23866 23905 175
23882 23909 32
23911 23928 92
23935 23967 140
23949 23966 147
23977 24023 135
23981 23995 22
24007 24032 198
24031 24040 141
24034 24045 143
24042 24057 154
24070 24081 142
24091 24114 18
24114 24144 86
24123 24125 111
24138 24182 33
24139 24167 45
24159 24163 177
24164 24194 158
24179 24206 103
24206 24248 211
24232 24245 203
24245 24262 191
24261 24293 60
24290 24329 223
24319 24362 110
24327 24332 211
24340 24355 135
24357 24358 187
24359 24362 217
24364 24375 277
24374 24415 50
24374 24383 13
24392 24404 9
24400 24438 291
24423 24468 168
24426 24456 151
24447 24472 10
24454 24487 48
24465 24503 235
24475 24523 131
24482 24499 223
24498 24503 207
24519 24546 131
24523 24546 282
24546 24595 163
24561 24583 50
24579 24585 90
24586 24602 113
24607 24623 258
24611 24658 163
24614 24627 133
24644 24679 6
24645 24685 79
24669 24672 193
24695 24723 223
24708 24741 185
24738 24750 168
24764 24810 134
24793 24831 23
24806 24831 16
24821 24844 203
24847 24872 51
24854 24904 65
24868 24901 163
24888 24914 8
24896 24940 102
24911 24925 130
24925 24943 210
24929 24955 195
24955 24982 1
24982 25029 170
24996 25040 90
25015 25017 167
25037 25065 172
25049 25094 155
25070 25094 277
25072 25085 290
25079 25114 113
25098 25144 268
25109 25155 269
25114 25153 164
25129 25171 35
25142 25169 103
25165 25166 159
25165 25191 244
25182 25228 158
25204 25215 281
25224 25269 237
25229 25257 138
25238 25269 243
25247 25278 187
25272 25299 162
25286 25320 284
25314 25353 202
25342 25382 104
25350 25369 2
25379 25427 272
25402 25410 102
25412 25442 104
25425 25435 185
25425 25436 16
25454 25476 120
25467 25491 253
25482 25513 235
25506 25529 121
25529 25558 95
25557 25584 105
25570 25575 234
25585 25618 141
25603 25641 93
25607 25655 259
25632 25660 28
25660 25670 65
25669 25686 196
25683 25709 70
25684 25705 222
25685 25702 166
25695 25732 46
25716 25735 91
25720 25765 256
25725 25754 84
25738 25782 112
25757 25763 149
25768 25782 21
25789 25800 79
25813 25821 269
25823 25848 124
25841 25862 78
25856 25878 66
25860 25878 18
25866 25898 258
25894 25908 56
25898 25913 60
25904 25934 71
25917 25918 5
25933 25963 234
25939 25956 283
25950 25966 255
25971 25983 199
25976 25982 276
25982 26020 222
25986 26034 115
25992 26030 269
26012 26015 229
26041 26078 252
26046 26084 15
26072 26079 123
26084 26109 135
26093 26117 279
26122 26125 193
26127 26172 200
26157 26196 184
26180 26217 189
26197 26209 93
26200 26239 134
26223 26251 251
26248 26260 136
26276 26300 36
26276 26324 45
26299 26313 122
26312 26349 184
26318 26341 245
26325 26373 296
26336 26369 79
26337 26365 255
26348 26391 271
26377 26411 220
26392 26411 275
26420 26423 270
26445 26494 133
26463 26509 206
26492 26534 161
26509 26556 84
26535 26564 276
26548 26591 117
26552 26591 66
26563 26596 165
26586 26590 172
26614 26636 83
26638 26655 252
26651 26659 194
26657 26675 135
26664 26686 269
26674 26687 224
26674 26689 157
26689 26709 14
26708 26741 263
26719 26752 14
26722 26751 37
26731 26756 214
26758 26765 154
26766 26806 97
26776 26798 39
26776 26781 272
26802 26817 40
26809 26850 37
26827 26835 191
26829 26843 171
26836 26838 161
26837 26852 163
26851 26887 31
26868 26888 129
26890 26938 143
26901 26944 73
26912 26952 271
26934 26953 230
26958 26992 279
26967 26984 222
26985 27016 68
27009 27023 169
27014 27024 285
27041 27068 180
27055 27059 239
27055 27080 296
27077 27109 176
27100 27141 240
27124 27150 102
27125 27169 49
27134 27142 238
27158 27182 129
27175 27225 162
27184 27198 266
27212 27216 71
27236 27280 169
27243 27283 55
27246 27292 131
27254 27267 234
27259 27289 231
27283 27312 277
27294 27322 30
27295 27307 140
27315 27320 278
27342 27343 300
27360 27383 76
27376 27405 242
27385 27396 16
27406 27423 169
27406 27451 181
27410 27439 201
27429 27465 7
27453 27474 239
27483 27497 61
27513 27533 8
27527 27532 20
27528 27550 135
27536 27579 103
27540 27580 190
27546 27581 279
27547 27590 77
27549 27573 191
27574 27624 29
27586 27591 16
27601 27647 9
27624 27656 127
27650 27666 127
27680 27715 245
27695 27735 181
27717 27727 18
27742 27790 205
27763 27800 156
27764 27770 179
27779 27814 272
27791 27821 155
27811 27856 35
27819 27831 261
27821 27847 214
27839 27866 175
27868 27892 51
27881 27885 179
27908 27939 116
27920 27926 284
27929 27948 194
27948 27966 117
27975 27999 74
27982 28001 272
27986 28028 107
28002 28019 26
28028 28031 101
28043 28088 46
28050 28097 48
28072 28099 13
28094 28140 244
28109 28143 190
28121 28162 260
28134 28167 282
28161 28181 192
28187 28229 112
28195 28241 232
28195 28226 290
28207 28229 30
28207 28239 179
28215 28231 277
28230 28256 254
28255 28276 204
28259 28274 155
28275 28283 113
28288 28308 54
28312 28360 239
28322 28342 291
28349 28381 45
28359 28372 76
28386 28410 44
28392 28426 147
28410 28412 272
28431 28460 107
28456 28493 291
28485 28524 234
28511 28527 223
28514 28543 150
28534 28547 158
28538 28551 64
28549 28563 297
28565 28597 82
28588 28607 8
28591 28619 164
28609 28646 191
28615 28637 63
28640 28676 211
28664 28679 117
28673 28680 98
28676 28696 20
28700 28737 235
28707 28746 108
28709 28754 289
28739 28779 38
28768 28803 297
28797 28799 152
28805 28845 76
28826 28854 194
28846 28875 113
28865 28890 253
28874 28896 84
28877 28920 73
28904 28931 92
28918 28927 193
28918 28927 69
28920 28967 225
28944 28947 266
28955 28988 134
28957 28989 117
28960 28994 79
28972 28987 147
28986 29033 235
28994 29029 245
29008 29036 212
29038 29082 299
29055 29072 145
29060 29075 203
29077 29124 298
29081 29125 237
29102 29132 198
29105 29131 133
29107 29141 224
29125 29150 61
29143 29166 90
29151 29174 86
29178 29226 29
29196 29244 64
29215 29217 59
29236 29281 62
29245 29261 188
29259 29269 115
29259 29296 180
29261 29271 221
29264 29284 197
29292 29294 249
29299 29324 134
29308 29355 140
29309 29329 46
29326 29338 130
29348 29398 219
29356 29384 221
29372 29375 223
29385 29404 107
29414 29450 34
29435 29484 154
29448 29495 124
29464 29472 198
29473 29504 112
29498 29515 281
29528 29559 219
29541 29569 278
29561 29569 135
29568 29574 171
29591 29631 241
29593 29597 15
29601 29627 135
29621 29663 286
29641 29642 250
29649 29667 11
29652 29697 94
29658 29701 127
29683 29685 191
29697 29742 150
29714 29762 82
29715 29752 82
29734 29763 104
29736 29774 14
29750 29795 113
29771 29790 190
29788 29832 217
29804 29812 39
29825 29857 156
29837 29863 273
29844 29867 215
29873 29891 124
29891 29902 19
29898 29944 82
29917 29924 37
29937 29967 262
29949 29995 242
29964 29993 86
29973 30021 83
30000 30008 123
30013 30055 224
30022 30050 239
30040 30074 47
30041 30064 7
30052 30083 158
30056 30079 65
30062 30094 146
30090 30111 196
30120 30153 41
30141 30148 122
30158 30188 59
30175 30193 167
30175 30181 195
30185 30230 276
30205 30217 3
30211 30234 191
30239 30281 262
30247 30249 52
30269 30308 255
30277 30294 28
30296 30326 26
30299 30306 177
30302 30309 200
30311 30322 176
30331 30364 36
30335 30376 127
30359 30373 270
30369 30411 63
30390 30424 182
30406 30432 17
30423 30461 118
30450 30459 35
30471 30510 145
30496 30543 64
30498 30522 230
30510 30514 68
30517 30520 227
30524 30566 211
30544 30594 169
30549 30595 39
30574 30592 165
30597 30641 67
30619 30621 211
30619 30636 53
30641 30661 121
30659 30677 198
30666 30690 95
30692 30695 155
30709 30723 250
30738 30758 45
30753 30788 269
30769 30797 31
30784 30802 117
30803 30837 83
30831 30850 235
30847 30865 181
30861 30908 2
30881 30909 64
30892 30922 103
30911 30948 216
30911 30949 132
30930 30949 225
30931 30970 133
30933 30981 124
30935 30958 145
30948 30995 179
30950 30967 197
30953 30983 271
30973 30991 35
30975 30981 53
30985 30994 36
31001 31033 81
31016 31023 59
31017 31019 158
31034 31060 212
31060 31074 93
31083 31094 188
31107 31111 176
31121 31129 125
31127 31163 284
31139 31161 2
31143 31147 139
31159 31187 222
31162 31187 208
31174 31177 96
31178 31213 43
31192 31217 75
31213 31234 296
31243 31262 105
31272 31293 28
31297 31341 16
31322 31361 293
31344 31359 26
31350 31393 33
31353 31385 287
31373 31422 116
31394 31432 167
31411 31434 228
31413 31450 56
31438 31476 255
31461 31494 222
31466 31500 104
31471 31507 242
31475 31477 17
31502 31512 289
31515 31525 129
31536 31563 165
31540 31578 206
31564 31596 118
31584 31632 96
31603 31614 261
31615 31641 110
31621 31644 180
31643 31686 115
31661 31667 33
31687 31729 190
31703 31733 293
31715 31763 266
31722 31758 283
31748 31781 13
31748 31755 157
31772 31798 270
31793 31818 184
31820 31844 245
31837 31864 178
31848 31897 152
31875 31888 295
31877 31893 198
31887 31903 186
31907 31913 242
31923 31953 141
31953 31961 264
31982 31993 23
31995 32018 262
32003 32049 17
32012 32061 112
32035 32053 140
32039 32086 261
32049 32077 84
32069 32095 288
32093 32137 38
32113 32127 83
32131 32136 128
32150 32183 101
32164 32209 113
32172 32195 107
32195 32205 14
32195 32219 35
32197 32206 228
32205 32236 88
32229 32236 184
32229 32272 119
32244 32281 117
32266 32312 116
32286 32305 148
32291 32329 161
32295 32333 284
32299 32346 255
32305 32319 106
32317 32363 147
32336 32340 41
32363 32373 65
32368 32394 81
32382 32432 280
32391 32441 101
32401 32417 104
32406 32445 111
32428 32454 271
32436 32448 106
32445 32487 230
32470 32489 53
32473 32503 22
32497 32535 255
32506 32514 224
32508 32510 198
32516 32547 132
32527 32565 217
32557 32572 146
32566 32573 271
32581 32622 193
32591 32625 176
32612 32657 193
32627 32656 90
32640 32664 223
32650 32698 31
32662 32689 86
32672 32686 49
32702 32752 288
32726 32741 51
32753 32799 63
32754 32791 214
32768 32787 20
32783 32805 61
32801 32836 127
32807 32857 163
32834 32841 23
32853 32864 100
32870 32919 110
32897 32908 198
32906 32921 230
32925 32971 31
32940 32970 190
32956 32987 37
32970 32977 112
32978 33010 170
32987 33020 224
33001 33011 172
33018 33053 116
33046 33070 134
33066 33103 4
33090 33114 37
33097 33142 169
33120 33130 31
33140 33184 241
33140 33190 182
33154 33157 235
33163 33170 43
33188 33224 153
33203 33237 287
33214 33244 280
33224 33230 133
33239 33270 87
33240 33250 279
33269 33282 56
33273 33304 52
33291 33302 225
33315 33325 169
33321 33328 98
33321 33327 54
33348 33350 242
33357 33360 54
33379 33398 144
33387 33431 105
33410 33435 106
33429 33454 44
33441 33461 35
33454 33457 25
33454 33478 85
33483 33525 165
33491 33508 146
33504 33512 214
33533 33566 260
33561 33593 211
33569 33619 159
33596 33614 236
33607 33616 76
33634 33666 32
33656 33705 41
33665 33682 145
33671 33675 284
33677 33718 274
33686 33708 39
33711 33734 187
33741 33742 35
33747 33751 127
33763 33804 5
33788 33798 148
33789 33795 203
33790 33832 170
33811 33821 38
33817 33831 63
33836 33861 225
33844 33848 99
33847 33851 158
33853 33884 138
33866 33896 54
33878 33898 204
33885 33895 223
33909 33950 231
33934 33961 108
33936 33975 58
33959 33971 76
33981 33982 117
34002 34016 105
34030 34045 164
34046 34078 31
34070 34098 239
34086 34121 185
34091 34122 238
34094 34138 111
34124 34162 46
34132 34166 85
34162 34166 95
34169 34202 16
34178 34197 135
34207 34248 236
34209 34218 254
34234 34241 100
34241 34277 258
34257 34289 248
34265 34295 100
34269 34309 138
34292 34322 270
34304 34316 274
34324 34342 25
34339 34345 59
34361 34399 178
34382 34412 75
34410 34430 7
34410 34420 44
34439 34448 178
34448 34497 34
34452 34471 264
34454 34498 160
34481 34488 53
34497 34537 186
34525 34539 221
34527 34570 198
34543 34568 64
34559 34580 56
34578 34590 4
34597 34618 219
34611 34644 196
34636 34649 262
34660 34680 264
34674 34723 111
34695 34701 263
34712 34730 49
34723 34753 243
34741 34790 200
34764 34771 67
34790 34809 116
34811 34830 167
34831 34862 245
34836 34885 180
34844 34848 178
34872 34897 162
34892 34936 101
34921 34966 286
34922 34942 197
34947 34965 147
34951 34998 107
34976 35017 222
34980 35027 241
34999 35034 229
35024 35047 208
35044 35078 42
35073 35113 136
35096 35133 67
35115 35160 171
35141 35161 92
35156 35183 112
35183 35223 181
35187 35216 56
35200 35242 240
35212 35218 207
35234 35270 238
35242 35287 238
35249 35296 175
35256 35266 144
35282 35329 283
35283 35291 259
35285 35332 219
35287 35300 121
35314 35342 204
35319 35340 106
35340 35359 279
35360 35406 283
35364 35384 291
35380 35391 218
35392 35427 29
35407 35413 75
35431 35434 194
35450 35458 290
35454 35468 32
35472 35483 254
35493 35515 26
35513 35519 266
35520 35559 260
35520 35530 106
35541 35552 265
35562 35567 108
35580 35605 77
35591 35628 285
35600 35628 157
35615 35644 2
35634 35677 128
35663 35708 133
35668 35680 233
35680 35711 65
35693 35722 32
35695 35696 217
35705 35741 96
35727 35740 23
35741 35742 107
35743 35749 196
35758 35803 141
35786 35821 46
35808 35826 85
35819 35833 107
35832 35837 99
35845 35854 242
35860 35864 213
35884 35896 172
35913 35933 195
35933 35943 254
35933 35979 133
35940 35948 281
35950 35996 201
35980 36017 214
35996 36017 135
35996 36041 217
36019 36049 165
36023 36060 197
36026 36031 162
36030 36065 1
36033 36038 143
36062 36082 5
36091 36134 110
36099 36114 278
36116 36156 298
36117 36164 53
36137 36152 26
36153 36177 128
36178 36221 89
36189 36193 91
36202 36203 291
36205 36252 78
36211 36214 5
36225 36244 94
36249 36285 249
36250 36276 236
36252 36267 170
36259 36286 250
36274 36305 96
36285 36333 263
36313 36331 270
36321 36328 140
36326 36338 202
36329 36336 175
36344 36383 5
36346 36386 37
36374 36405 139
36384 36420 19
36393 36417 113
36408 36451 126
36435 36457 272
36457 36465 85
36487 36505 43
36510 36518 189
36523 36565 166
36545 36569 92
36549 36558 168
36571 36596 139
36576 36607 226
36590 36599 275
36605 36652 226
36628 36641 51
36651 36654 289
36666 36715 36
36685 36709 111
36687 36704 34
36709 36731 217
36730 36773 225
36731 36762 105
36751 36778 262
36775 36796 291
36805 36855 6
36834 36875 187
36836 36860 191
36862 36863 206
36885 36912 102
36893 36933 148
36911 36922 199
36922 36945 219
36949 36979 290
36962 37009 2
36969 36983 179
36973 37018 212
36973 37015 17
36980 37007 168
36996 37000 56
37019 37048 38
37029 37073 119
37051 37073 236
37064 37095 8
37084 37098 98
37101 37110 244
37129 37135 221
37143 37153 132
37158 37198 34
37175 37217 187
37196 37239 100
37212 37241 50
37240 37264 154
37250 37258 248
37253 37289 101
37263 37266 238
37275 37312 188
37276 37290 208
37282 37331 205
37289 37311 222
37290 37299 88
37314 37364 79
37339 37377 55
37355 37363 204
37363 37381 93
37365 37382 226
37395 37427 72
37396 37404 206
37407 37409 140
37424 37439 159
37434 37484 31
37462 37466 126
37463 37480 110
37470 37473 205
37490 37511 260
37508 37522 246
37524 37569 258
37544 37564 227
37550 37571 170
37560 37567 183
37578 37594 188
37604 37605 131
37620 37641 35
37635 37680 253
37652 37691 171
37661 37686 117
37675 37688 251
37685 37691 244
37694 37717 119
37703 37746 36
37712 37729 108
37718 37768 265
37738 37783 158
37768 37769 262
37783 37802 220
37802 37806 51
37809 37831 176
37825 37859 203
37854 37895 61
37862 37869 250
37881 37884 191
37885 37935 172
37900 37919 88
37902 37952 105
37911 37961 113
37932 37933 265
37935 37971 292
37944 37990 28
37959 37995 55
37963 38007 202
37989 38021 51
37996 38024 88
37999 38044 281
38023 38073 227
38030 38045 21
38041 38071 71
38052 38094 130
38054 38092 192
38057 38083 128
38060 38082 221
38074 38105 178
38079 38109 6
38102 38135 85
38124 38169 203
38134 38140 27
38134 38150 86
38138 38185 135
38161 38197 60
38173 38182 77
38198 38231 190
38209 38254 10
38233 38250 203
38251 38284 116
38263 38279 125
38285 38287 41
38298 38311 128
38319 38359 219
38334 38378 202
38347 38359 195
38353 38383 105
38364 38407 273
38376 38390 27
38377 38408 94
38384 38424 294
38411 38453 65
38432 38471 225
38454 38496 30
38474 38519 264
38502 38541 22
38528 38553 152
38539 38554 161
38556 38568 38
38570 38612 86
38571 38609 8
38582 38604 271
38601 38616 126
38626 38668 259
38654 38676 251
38673 38674 100
38680 38727 153
38689 38694 136
38715 38724 97
38720 38762 295
38723 38763 247
38743 38782 288
38764 38772 160
38785 38807 116
38801 38840 298
38817 38865 205
38838 38872 270
38868 38900 50
38892 38932 123
38910 38915 84
38919 38954 236
38928 38970 249
38928 38977 50
38956 38976 239
38965 38977 219
38980 39014 261
38982 39008 206
39006 39040 123
39034 39060 220
39037 39087 217
39056 39069 152
39079 39115 58
39097 39142 168
39121 39123 58
39140 39186 126
39158 39162 204
39188 39198 146
39209 39252 90
39212 39216 117
39228 39277 205
39238 39251 198
39249 39272 32
39270 39290 104
39289 39326 96
39307 39341 287
39329 39359 279
39356 39371 3
39365 39381 185
39377 39420 37
39390 39429 284
39416 39451 109
39433 39477 114
39451 39469 48
39455 39503 40
39461 39477 27
39480 39484 149
39491 39512 152
39518 39564 299
39534 39561 263
39554 39562 225
39557 39566 239
39576 39589 225
39602 39648 192
39619 39661 140
39624 39647 282
39642 39680 288
39662 39710 254
39665 39677 36
39671 39714 111
39686 39725 262
39691 39728 253
39719 39753 299
39735 39773 150
39760 39774 170
39785 39826 121
39805 39841 71
39808 39830 108
39817 39820 34
39828 39861 146
39858 39896 5
39886 39897 25
39906 39911 52
39913 39953 49
39942 39983 146
39948 39983 25
39953 39956 59
39954 39997 69
39962 39981 87
39979 40000 263
39995 40007 284
40013 40041 281
40020 40046 124
40042 40092 295
40053 40073 75
40062 40084 248
40088 40137 260
40106 40149 240
40129 40153 33
40143 40184 9
40152 40161 86
40171 40195 231
40192 40241 280
40194 40211 190
40214 40242 202
40223 40270 16
40238 40266 286
40248 40249 241
40259 40295 124
40279 40324 289
40301 40323 191
40326 40331 203
40344 40360 53
40347 40396 58
40370 40420 14
40400 40431 129
40407 40418 231
40417 40423 5
40439 40448 89
40447 40467 181
40462 40499 84
40476 40524 23
40493 40501 105
40510 40522 11
40517 40525 210
40527 40539 244
40550 40568 163
40578 40590 83
40599 40600 4
40612 40631 174
40640 40660 236
40649 40681 210
40664 40712 111
40668 40716 86
40687 40728 275
40700 40747 203
40729 40755 147
40740 40761 282
40752 40776 96
40757 40777 290
40757 40799 236
40758 40791 196
40778 40799 276
40801 40811 228
40824 40832 89
40841 40843 281
40864 40881 130
40869 40870 214
40879 40898 45
40879 40905 99
40894 40940 22
40901 40939 270
40925 40937 123
40942 40980 59
40968 41003 36
40985 41011 148
40986 40993 66
40997 41020 201
41015 41031 288
41037 41059 240
41042 41058 25
41052 41089 177
41055 41076 4
41071 41072 91
41079 41097 256
41106 41125 223
41120 41125 104
41129 41142 208
41131 41141 3
41158 41166 235
41160 41168 148
41165 41179 108
41172 41196 54
41185 41231 224
41207 41251 98
41217 41243 44
41232 41277 44
41235 41254 94
41261 41279 177
41261 41297 235
41284 41311 120
41308 41346 227
41322 41332 280
41352 41397 255
41372 41418 91
41387 41419 213
41404 41437 136
41413 41418 52
41436 41476 220
41440 41465 216
41444 41482 64
41453 41474 39
41479 41505 81
41481 41490 290
41492 41510 14
41496 41529 179
41506 41547 232
41524 41533 261
41536 41563 270
41543 41545 288
41552 41576 199
41575 41620 284
41590 41626 169
41614 41623 140
41641 41643 21
41668 41707 182
41686 41706 136
41699 41728 290
41725 41764 199
41743 41791 124
41747 41760 29
41765 41787 27
41772 41795 265
41784 41830 94
41810 41836 171
41812 41831 252
41837 41861 238
41841 41850 125
41848 41868 67
41858 41908 23
41870 41901 232
41883 41920 289
41909 41917 66
41914 41934 108
41931 41933 292
41936 41972 70
41958 41996 153
41977 41985 100
41978 42021 182
41983 41990 194
42002 42012 167
42022 42043 259
42033 42040 120
42035 42085 150
42054 42089 249
42081 42123 275
42111 42152 132
42131 42150 17
42149 42150 51
42173 42189 255
42187 42217 111
42195 42228 178
42198 42235 267
42226 42263 56
42233 42274 143
42248 42260 22
42252 42262 239
42279 42312 145
42309 42313 78
42336 42365 172
42345 42361 198
42354 42394 237
42361 42403 264
42387 42422 149
42393 42404 290
42403 42416 230
42413 42442 292
42414 42464 87
42420 42434 147
42437 42477 54
42449 42453 6
42475 42498 284
42497 42512 161
42521 42554 228
42533 42572 182
42562 42566 47
42589 42602 24
42619 42650 288
42628 42646 160
42636 42660 255
42641 42651 122
42659 42696 296
42669 42705 297
42686 42692 200
42713 42760 84
42724 42747 285
42734 42764 84
42751 42791 220
42764 42796 134
42770 42801 197
42780 42810 73
42796 42821 164
42816 42859 192
42818 42835 188
42834 42884 150
42836 42876 51
42850 42853 206
42874 42922 177
42880 42921 219
42880 42901 36
42881 42905 60
42907 42915 208
42927 42966 13
42954 42991 27
42960 42984 69
42974 43004 222
42996 43035 297
43005 43032 109
43030 43069 112
43058 43088 101
43083 43121 296
43090 43091 63
43093 43094 224
43110 43115 96
43136 43159 278
43157 43161 49
43163 43198 127
43167 43186 14
43174 43211 105
43187 43207 220
43217 43224 166
43239 43245 51
43252 43276 39
43277 43326 32
43284 43285 233
43290 43294 252
43320 43338 229
43321 43335 297
43343 43379 117
43343 43385 237
43367 43373 233
43376 43388 58
43386 43410 5
43415 43462 160
43417 43466 19
43435 43467 57
43456 43463 198
43475 43492 259
43489 43539 236
43504 43524 272
43532 43555 55
43551 43597 40
43560 43586 63
43585 43629 38
43591 43601 9
43618 43620 30
43621 43662 181
43625 43657 153
43628 43638 97
43653 43654 177
43675 43699 50
43681 43694 70
43684 43729 117
43698 43713 66
43704 43739 280
43723 43751 183
43729 43751 134
43737 43769 192
43748 43779 186
43754 43786 271
43768 43806 85
43772 43778 12
43783 43826 114
43812 43854 128
43836 43869 29
43859 43900 169
43865 43871 110
43882 43906 241
43894 43916 83
43904 43935 109
43915 43965 63
43922 43968 270
43945 43964 79
43962 44010 257
43973 44009 220
43988 44038 254
43996 43998 125
44009 44041 146
44035 44066 142
44054 44065 68
44071 44083 59
44086 44136 185
44116 44134 241
44142 44175 36
44165 44193 108
44189 44223 188
44199 44218 152
44228 44238 149
44256 44301 294
44258 44278 6
44273 44279 68
44296 44313 156
44321 44367 290
44351 44386 258
44364 44411 93
44394 44430 93
44414 44423 292
44427 44433 42
44441 44448 188
44444 44466 155
44472 44476 41
44474 44518 291
44489 44525 99
44495 44520 163
44517 44565 18
44542 44577 169
44567 44593 101
44586 44635 244
44596 44638 21
44599 44617 103
44615 44650 127
44618 44658 62
44637 44642 28
44658 44670 280
44658 44697 54
44671 44678 109
44693 44725 60
44693 44695 258
44703 44707 163
44728 44776 47
44750 44790 154
44777 44816 146
44807 44808 93
44824 44874 267
44838 44856 211
44849 44888 27
44861 44868 20
44890 44896 165
44898 44902 155
44920 44967 36
44939 44953 128
44966 44984 27
44972 44991 91
44981 44994 99
44993 45016 46
45011 45040 237
45022 45045 260
45026 45046 167
45029 45050 268
45037 45044 185
45048 45058 151
45071 45103 96
45087 45089 282
45094 45095 80
45100 45120 69
45111 45140 75
45134 45183 191
45137 45185 17
45164 45169 270
45176 45192 264
45198 45244 74
45219 45233 50
45223 45243 55
45244 45250 206
45270 45297 52
45288 45316 203
45312 45330 111
45327 45375 285
45335 45377 296
45363 45397 261
45366 45403 282
45367 45407 152
45370 45384 186
45387 45418 193
45413 45431 68
45430 45458 82
45442 45448 227
45450 45464 284
45468 45504 134
45484 45510 287
45491 45513 135
45499 45529 271
45502 45525 231
45528 45563 169
45546 45555 99
45562 45604 246
45565 45574 182
45592 45630 216
45622 45665 174
45643 45661 185
45666 45697 125
45674 45697 275
45676 45677 114
45688 45727 165
45717 45718 164
45722 45751 221
45727 45760 259
45749 45798 135
45757 45805 271
45774 45789 290
45799 45841 298
45801 45815 263
45813 45837 27
45813 45863 131
45826 45846 160
45843 45856 246
45847 45880 242
45866 45874 156
45872 45920 50
45888 45895 202
45898 45936 200
45922 45925 101
45937 45982 224
45966 45969 129
45979 46000 179
46002 46043 91
46009 46059 285
46018 46058 9
46030 46034 23
46057 46063 76
46080 46127 244
46091 46133 90
46097 46108 297
46107 46156 73
46118 46123 157
46137 46180 39
46157 46195 56
46168 46201 31
46185 46221 73
46185 46188 185
46202 46217 109
46214 46238 260
46238 46265 159
46258 46265 139
46286 46298 149
46299 46324 110
46304 46352 23
46321 46362 228
46330 46375 19
46348 46390 95
46368 46377 36
46375 46402 231
46402 46416 220
46419 46422 172
46437 46444 218
46447 46457 281
46466 46473 209
46471 46516 63
46481 46492 262
46493 46509 46
46503 46505 103
46525 46558 219
46538 46579 108
46564 46588 200
46591 46630 162
46600 46633 41
46604 46611 120
46605 46631 212
46635 46668 198
46658 46677 270
46670 46681 184
46693 46739 15
46718 46759 248
46724 46755 194
46754 46778 185
46764 46790 215
46788 46796 16
46796 46797 9
46823 46841 27
46835 46879 198
46852 46880 254
46854 46860 267
46854 46860 268
46875 46922 124
46879 46905 112
46901 46905 115
46910 46919 259
46932 46949 52
46933 46956 62
46952 46968 89
46970 46987 202
46997 47015 163
47015 47025 29
47038 47041 10
47055 47071 185
47085 47106 20
47103 47138 4
47115 47163 260
47121 47127 136
47149 47198 25
47158 47185 124
47161 47198 280
47184 47203 233
47190 47237 136
47192 47219 290
47208 47229 166
47231 47264 289
47242 47285 91
47261 47283 64
47282 47283 155
47291 47315 256
47316 47362 300
47345 47392 94
47366 47387 219
47371 47409 2
47388 47397 110
47415 47445 16
47418 47420 100
47436 47444 211
47448 47477 18
47473 47488 99
47473 47500 171
47473 47504 253
47477 47522 209
47495 47515 29
47525 47558 255
47544 47548 15
47561 47589 138
47573 47586 203
47586 47609 151
47610 47631 66
47631 47644 193
47632 47669 239
47658 47663 169
47681 47726 62
47682 47690 293
47691 47719 57
47710 47713 253
47715 47750 181
47743 47755 159
47756 47798 219
47774 47816 246
47776 47798 89
47788 47811 181
47815 47853 151
47830 47867 112
47859 47862 95
47868 47898 236
47881 47886 167
47895 47909 272
47920 47927 181
47926 47974 27
47954 47992 157
47975 48017 123
48000 48032 10
48028 48048 132
48047 48050 291
48050 48085 202
48071 48075 188
48098 48101 213
48127 48139 270
48127 48169 250
48152 48177 64
48152 48175 63
48167 48214 244
48197 48216 180
48223 48249 155
48242 48266 188
48266 48267 254
48287 48330 242
48307 48319 58
48334 48382 223
48339 48381 175
48353 48375 161
48357 48374 220
48360 48383 141
48384 48413 66
48396 48413 213
48400 48421 171
48429 48459 154
48459 48465 18
48462 48484 174
48479 48525 297
48488 48491 229
48507 48542 98
48533 48549 24
48537 48550 191
48560 48566 32
48560 48601 241
48590 48596 291
48609 48619 265
48612 48656 24
48615 48663 17
48615 48635 73
48633 48683 102
48636 48677 154
48649 48689 115
48666 48711 32
48683 48710 208
48691 48704 192
48714 48725 269
48727 48771 241
48728 48751 216
48747 48759 201
48755 48785 283
48771 48786 145
48799 48802 140
48806 48829 272
48836 48862 84
48864 48875 247
48888 48893 89
48893 48929 237
48893 48897 15
48906 48952 36
48919 48957 93
48945 48979 72
48961 48969 6
48980 49020 49
49003 49006 146
49032 49074 158
49056 49073 37
49072 49118 10
49097 49129 187
49104 49136 154
49123 49151 88
49144 49174 111
49149 49167 149
49177 49210 83
49190 49201 40
49219 49263 136
49223 49267 270
49225 49264 159
49252 49281 228
49279 49283 222
49300 49345 195
49322 49358 220
49345 49374 17
49363 49413 216
49389 49428 89
49397 49409 94
49419 49439 75
49428 49437 220
49433 49435 227
49450 49466 141
49474 49487 128
49479 49503 68
49494 49500 256
49508 49558 211
49530 49537 124
49548 49597 65
49548 49567 7
49556 49582 173
49583 49598 46
49613 49630 41
49615 49625 290
49625 49644 174
49626 49656 203
49643 49665 226
49661 49664 161
49686 49733 185
49695 49740 285
49716 49764 60
49737 49762 107
49760 49797 72
49766 49801 118
49795 49820 7
49817 49830 246
49825 49856 248
49829 49858 203
49829 49841 247
49833 49841 246
49837 49859 74
49851 49867 287
49851 49877 194
49853 49858 209
49881 49888 184
49903 49946 1
49919 49951 278
49944 49961 289
49961 49991 288
49968 50006 257
49976 49997 66
49991 50003 65
50002 50029 187
50005 50025 5
50026 50074 212
50049 50068 8
50051 50081 133
50053 50067 4
50077 50118 208
50088 50094 230
50113 50129 127
50130 50166 206
50154 50178 296
50161 50175 6
50177 50216 287
50182 50229 51
50201 50232 83
50219 50254 254
50228 50275 175
50248 50260 7
50255 50272 40
50269 50283 246
50291 50315 86
50318 50325 18
50347 50392 58
50350 50374 139
50350 50376 210
50380 50393 208
50408 50442 252
50429 50475 117
50454 50464 189
50472 50477 115
50497 50524 155
50526 50552 229
50535 50556 280
50564 50570 223
50565 50592 105
50577 50606 62
50578 50626 90
50581 50631 119
50588 50594 133
50603 50624 208
50630 50648 186
50651 50660 179
50657 50661 143
50668 50703 152
50697 50744 106
50711 50731 126
50717 50726 89
50729 50743 73
50732 50757 33
50762 50790 145
50767 50793 253
50791 50832 233
50817 50843 233
50827 50836 268
50856 50899 27
50873 50877 293
50881 50889 266
50881 50924 221
50887 50899 140
50891 50939 172
50905 50919 160
50928 50932 18
50949 50966 192
50973 51000 86
50973 50994 71
50987 51032 142
50997 51003 225
51016 51046 16
51036 51062 3
51058 51082 176
51083 51105 168
51108 51154 132
51133 51181 235
51133 51159 134
51155 51197 222
51178 51179 53
51200 51247 266
51208 51246 57
51231 51240 37
51256 51294 193
51262 51269 254
51281 51283 111
51291 51292 54
51320 51366 106
51331 51370 191
51337 51340 228
51362 51402 230
51385 51389 191
51405 51455 17
51415 51462 11
51423 51446 296
51439 51449 79
51467 51472 88
51480 51485 4
51488 51530 202
51503 51528 35
51520 51546 55
51547 51583 10
51564 51603 24
51581 51622 178
51582 51592 203
51586 51606 129
51609 51659 266
51635 51676 4
51661 51690 223
51682 51710 172
51703 51722 167
51715 51718 182
51745 51793 80
51765 51767 100
51787 51819 135
51800 51820 233
51806 51840 120
51806 51811 107
51821 51831 94
51835 51836 260
51838 51880 228
51841 51850 18
51845 51866 39
51863 51873 237
51878 51879 60
51878 51923 143
51900 51921 130
51913 51930 3
51915 51947 82
51930 51971 238
51935 51944 78
51960 51969 80
51981 52016 40
51983 52030 296
52005 52043 276
52028 52076 29
52038 52062 122
52057 52085 140
52086 52136 190
52111 52126 49
52116 52148 145
52138 52172 228
52139 52160 136
52151 52152 233
52178 52210 300
52198 52211 68
52226 52263 66
52229 52272 91
52256 52285 216
52256 52271 128
52266 52288 12
52270 52307 124
52288 52294 164
52293 52298 150
52305 52335 280
52318 52352 50
52337 52371 38
52356 52362 149
52367 52413 137
52393 52432 69
52404 52431 89
52416 52444 110
52440 52452 56
52456 52502 89
52469 52487 193
52488 52512 176
52491 52525 6
52497 52521 112
52519 52529 47
52528 52535 115
52553 52602 227
52573 52587 135
52584 52615 30
52601 52647 265
52631 52680 58
52657 52672 127
52681 52686 124
52687 52704 37
52710 52715 249
52740 52749 97
52764 52787 36
52770 52815 171
52785 52828 108
52792 52841 221
52802 52848 161
52825 52832 192
52853 52876 167
52877 52898 234
52892 52925 183
52922 52963 247
52947 52949 95
52960 52995 264
52974 53014 90
52993 53040 268
53022 53059 48
53030 53077 272
53034 53043 64
53037 53038 2
53047 53059 267
53058 53071 272
53086 53087 256
53102 53138 131
53113 53152 71
53136 53182 227
53163 53165 138
53191 53209 92
53221 53242 259
53235 53266 131
53258 53259 101
53279 53329 10
53280 53326 137
53286 53324 82
53293 53333 89
53320 53326 33
53344 53382 189
53368 53392 110
53372 53412 76
53386 53421 174
53393 53422 259
53408 53443 138
53438 53456 247
53446 53472 249
53463 53468 102
53481 53505 50
53491 53518 286
53502 53529 184
53506 53525 105
53518 53564 153
53545 53561 123
53561 53605 272
53582 53583 284
53589 53628 297
53609 53653 198
53621 53645 224
53623 53662 111
53635 53664 155
53660 53681 170
53679 53681 290
53687 53691 86
53716 53720 116
53716 53760 8
53718 53764 176
53725 53759 149
53752 53774 253
53776 53803 102
53779 53809 179
53809 53823 247
53836 53855 251
53862 53909 154
53868 53899 139
53895 53945 19
53910 53948 59
53913 53932 234
53922 53941 159
53938 53975 278
53938 53950 80
53962 53971 38
53972 54006 248
53980 53993 287
54000 54018 94
54001 54020 266
54009 54024 97
54010 54053 185
54018 54057 173
54024 54049 14
54031 54063 83
54035 54038 135
54055 54060 234
54057 54064 229
54069 54073 19
54097 54138 151
54108 54144 199
54134 54168 273
54162 54166 234
54168 54185 13
54190 54231 271
54216 54252 214
54233 54269 40
54258 54283 72
54288 54337 49
54292 54303 40
54306 54343 78
54319 54328 3
54327 54336 26
54333 54343 107
54358 54361 56
54367 54387 181
54379 54425 263
54380 54397 8
54403 54446 81
54427 54436 89
54445 54456 54
54447 54454 203
54456 54465 280
54477 54517 201
54504 54520 82
54528 54548 279
54549 54553 76
54553 54554 35
54574 54582 142
54602 54614 201
54621 54625 192
54635 54643 118
54665 54672 75
54665 54671 220
54668 54699 281
54675 54706 233
54704 54727 266
54733 54767 33
54748 54768 248
54754 54790 186
54774 54812 267
54791 54801 123
54791 54829 66
54792 54835 72
54821 54827 67
54840 54847 208
54858 54906 160
54862 54897 55
54864 54913 238
54881 54886 260
54881 54915 210
54908 54911 142
54925 54943 60
54946 54986 286
54949 54962 80
54958 54982 80
54968 54986 116
54982 55030 28
54991 55017 284
54992 55002 257
54992 55002 107
54993 55006 146
55019 55032 158
55028 55060 293
55058 55107 134
55058 55093 137
55072 55073 271
55100 55133 12
55109 55157 93
55129 55169 204
55134 55179 164
55164 55178 170
55175 55217 200
55196 55221 138
55196 55222 156
55214 55248 288
55222 55250 199
55245 55260 300
55251 55262 252
55254 55274 89
55274 55315 74
55277 55298 293
55283 55315 159
55311 55358 195
55329 55364 272
55349 55391 299
55353 55380 73
55365 55383 233
55390 55404 27
55400 55408 56
55424 55427 244
55443 55477 273
55460 55486 140
55466 55483 205
55486 55533 18
55495 55529 224
55516 55557 188
55546 55594 257
55549 55566 141
55550 55560 109
55580 55591 191
55586 55628 264
55608 55621 229
55638 55688 81
55657 55684 26
55657 55677 83
55660 55697 67
55672 55701 62
55695 55741 285
55719 55728 186
55730 55768 236
55733 55756 59
55746 55775 241
55761 55805 131
55789 55835 283
55811 55820 163
55813 55842 275
55823 55834 15
55834 55860 71
55839 55883 241
55862 55894 209
55865 55889 89
55870 55877 145
55894 55900 133
55909 55922 231
55931 55968 257
55960 55969 22
55970 56002 112
55996 56012 155
56014 56042 24
56034 56039 252
56057 56060 168
56067 56095 238
56092 56121 10
56106 56135 167
56119 56120 228
56146 56190 269
56170 56192 94
56174 56210 51
56191 56193 23
56220 56251 64
56248 56253 43
56277 56292 137
56287 56319 75
56287 56306 140
56292 56301 289
56300 56321 293
56307 56337 1
56309 56318 299
56332 56352 176
56350 56355 135
56360 56376 101
56384 56400 153
56402 56424 247
56403 56453 145
56413 56441 184
56420 56423 105
56439 56475 287
56469 56475 279
56477 56485 130
56497 56500 92
56509 56524 114
56534 56541 135
56542 56547 103
56559 56590 218
56573 56588 291
56598 56631 103
56625 56638 71
56634 56680 31
56654 56688 78
56682 56683 143
56696 56722 82
56721 56723 233
56736 56786 71
56748 56779 210
56766 56815 263
56788 56820 102
56804 56809 50
56829 56878 17
56836 56885 36
56860 56882 247
56888 56915 69
56893 56931 272
56902 56942 156
56930 56976 253
56952 56999 82
56953 56968 126
56972 56994 145
56994 56996 120
56994 57017 123
56999 57037 207
57015 57063 44
57031 57068 246
57044 57065 133
57045 57066 218
57072 57090 245
57072 57084 106
57092 57102 180
57113 57124 134
57118 57164 181
57124 57146 142
57124 57160 46
57129 57158 68
57130 57167 274
57138 57168 252
57138 57141 291
57158 57196 176
57168 57186 285
57179 57187 188
57192 57209 119
57205 57206 216
57224 57263 180
57251 57253 85
57255 57256 63
57270 57294 196
57278 57308 175
57299 57344 160
57311 57319 100
57315 57337 208
57338 57346 112
57366 57367 197
57388 57408 165
57405 57436 165
57430 57464 121
57439 57467 42
57450 57485 247
57476 57486 145
57482 57491 13
57508 57546 209
57517 57532 219
57519 57556 203
57528 57530 8
57529 57579 51
57554 57591 140
57557 57604 163
57571 57617 49
57600 57626 107
57614 57640 190
57621 57627 90
57639 57647 49
57667 57699 213
57685 57688 54
57686 57726 146
57703 57738 226
57715 57761 187
57715 57724 90
57724 57756 81
57737 57783 164
57737 57743 19
57747 57762 103
57769 57788 283
57780 57788 157
57782 57802 283
57802 57824 153
57824 57864 17
57840 57881 127
57847 57856 45
57850 57858 196
57871 57899 52
57877 57892 236
57891 57929 180
57909 57947 140
57935 57956 10
57942 57954 18
57963 57976 3
57970 58015 269
57970 57987 172
57970 58003 268
57984 58028 278
57994 58022 6
57994 57996 177
58024 58048 117
58031 58044 224
58037 58041 197
58040 58084 67
58059 58106 284
58065 58108 235
58095 58138 219
58113 58163 279
58118 58143 105
58128 58139 190
58154 58174 149
58165 58192 282
58168 58178 22
58179 58183 62
58203 58236 190
58220 58231 229
58236 58250 72
58242 58280 156
58267 58290 61
58272 58277 189
58300 58333 78
58301 58330 8
58327 58370 244
58341 58365 101
58364 58404 139
58388 58425 201
58396 58397 156
58402 58452 283
58407 58448 7
58421 58430 109
58422 58448 72
58428 58452 21
58448 58472 94
58468 58500 138
58468 58501 2
58473 58480 269
58484 58530 242
58514 58534 297
58524 58572 218
58526 58550 226
58552 58582 44
58579 58622 259
58609 58614 209
58636 58661 41
58636 58662 143
58636 58667 106
58638 58683 140
58650 58682 159
58674 58681 244
58698 58703 78
58715 58732 57
58738 58774 183
58742 58781 154
58761 58781 254
58782 58832 252
58784 58816 252
58805 58830 288
58817 58850 40
58830 58838 120
58842 58857 221
58857 58861 273
58857 58907 287
58868 58885 292
58871 58879 126
58878 58919 49
58897 58920 163
58904 58954 207
58926 58957 168
58950 58962 60
58978 59011 45
58989 59008 127
58997 59002 54
59016 59038 280
59019 59061 143
59030 59032 51
59052 59085 164
59071 59104 136
59083 59114 158
59096 59122 176
59112 59123 109
59135 59175 245
59145 59187 111
59154 59179 292
59179 59203 142
59187 59213 78
59210 59240 23
59228 59251 259
59236 59285 115
59252 59265 25
59275 59288 244
59282 59306 131
59289 59310 53
59292 59295 23
59303 59346 287
59317 59359 97
59330 59350 289
59351 59358 142
59373 59395 41
59386 59431 246
59403 59415 287
59429 59432 248
59440 59470 286
59469 59508 89
59493 59543 189
59523 59565 59
59529 59535 270
59555 59589 200
59564 59576 241
59581 59618 255
59595 59631 239
59620 59629 269
59642 59645 15
59650 59672 170
59656 59689 134
59677 59707 296
59682 59725 137
59711 59713 203
59729 59773 61
59738 59784 21
59742 59764 218
59746 59786 270
59775 59813 226
59804 59853 266
59821 59856 221
59835 59837 3
59845 59874 202
59854 59891 8
59869 59908 247
59869 59900 229
59889 59938 293
59893 59900 68
59916 59965 221
59934 59978 219
59942 59992 95
59952 60000 188
59963 59970 299
59972 59989 185
59988 59994 191
59997 60035 174
60025 60073 227
60039 60071 115
60048 60077 20
60058 60072 268
60068 60086 179
60073 60084 24
60103 60146 22
60119 60138 248
60123 60144 84
60134 60175 285
60141 60191 109
60146 60157 2
60151 60165 124
60166 60193 66
60191 60204 281
60208 60209 190
60227 60268 87
60253 60282 193
60273 60291 135
60277 60291 181
60303 60325 75
60316 60363 62
60329 60346 83
60358 60364 63
60381 60393 144
60385 60415 236
60411 60425 106
60433 60475 40
60451 60492 226
60454 60463 295
60477 60479 217
60502 60511 250
60506 60519 95
60508 60510 96
60538 60576 151
60558 60566 8
60574 60589 11
60578 60606 236
60604 60641 162
60626 60656 22
60635 60647 14
60649 60675 231
60649 60671 249
60668 60705 88
60674 60700 52
60704 60720 237
60730 60740 90
60752 60775 106
60780 60811 129
60788 60808 46
60812 60857 228
60836 60839 229
60837 60857 264
60866 60909 22
60879 60915 113
60891 60912 287
60909 60918 26
60923 60937 250
60953 60973 61
60976 61014 271
60992 61016 14
60993 61013 166
61023 61030 13
61037 61054 119
61042 61073 291
61058 61108 183
61074 61087 161
61074 61116 268
61096 61137 34
61100 61114 226
61111 61144 286
61132 61145 55
61139 61180 263
61157 61184 237
61162 61212 32
61187 61206 178
61217 61242 204
61217 61260 166
61225 61227 292
61235 61251 134
61245 61278 280
61265 61274 15
61289 61316 123
61289 61290 104
61308 61352 212
61323 61353 11
61325 61330 231
61344 61373 56
61351 61363 29
61381 61418 1
61390 61436 270
61399 61427 86
61423 61441 230
61445 61447 220
61461 61487 5
61481 61526 216
61488 61492 164
61513 61518 149
61532 61568 277
61540 61559 59
61565 61569 35
61578 61624 65
61584 61614 112
61600 61635 220
61619 61643 12
61641 61642 233
61664 61678 53
61684 61725 299
61694 61740 241
61710 61751 56
61717 61758 185
61737 61775 182
61755 61803 50
61755 61783 165
61757 61772 169
61776 61817 89
61806 61853 201
61806 61833 39
61812 61849 110
61837 61854 164
61862 61909 97
61870 61895 148
61873 61893 295
61876 61906 221
61905 61943 243
61920 61948 73
61923 61960 262
61947 61979 249
61948 61952 247
61949 61993 289
61974 62019 126
61998 62029 48
62019 62030 296
62024 62041 274
62050 62091 109
62073 62123 231
62081 62118 6
62088 62134 275
62112 62147 4
62139 62144 252
62158 62200 85
62184 62232 293
62184 62186 45
62191 62238 84
62191 62207 109
62213 62232 207
62236 62243 268
62248 62257 187
62277 62314 17
62277 62279 237
62305 62320 166
62317 62366 113
62342 62390 24
62358 62384 104
62360 62409 233
62380 62424 116
62400 62420 150
62423 62426 12
62446 62466 245
62450 62489 235
62456 62472 156
62481 62508 148
62506 62531 265
62529 62579 3
62532 62548 54
62557 62571 231
62558 62564 158
62568 62613 51
62575 62581 19
62590 62598 95
62604 62639 64
62622 62668 74
62639 62655 64
62669 62710 192
62691 62705 59
62700 62737 235
62725 62761 172
62739 62752 115
62752 62776 22
62752 62790 256
62772 62797 136
62795 62810 4
62796 62805 15
62804 62811 219
62820 62856 242
62848 62897 144
62870 62884 270
62881 62889 165
62896 62940 214
62898 62912 112
62918 62932 151
62947 62978 160
62967 62974 108
62979 62986 143
63009 63058 170
63033 63034 264
63051 63086 148
63073 63106 49
63088 63128 139
63100 63104 102
63130 63152 70
63149 63180 175
63158 63206 46
63183 63204 63
63206 63243 44
63216 63238 28
63231 63271 148
63251 63289 105
63277 63284 121
63297 63323 24
63316 63333 195
63321 63326 45
63337 63359 252
63364 63389 11
63376 63382 55
63393 63418 295
63396 63435 11
63399 63443 145
63400 63413 145
63421 63448 32
63446 63490 88
63448 63482 76
63461 63483 262
63471 63483 235
63482 63511 257
63483 63488 292
63503 63517 178
63507 63520 152
63537 63563 66
63542 63592 136
63546 63558 268
63548 63558 253
63572 63601 103
63596 63599 286
63618 63642 43
63633 63645 113
63636 63676 39
63644 63660 84
63660 63674 197
63681 63726 226
63702 63746 111
63718 63750 147
63746 63759 41
63766 63772 208
63788 63809 200
63798 63800 146
63827 63832 237
63847 63893 193
63876 63891 72
63889 63906 262
63909 63942 54
63909 63936 251
63919 63958 201
63947 63985 132
63969 63980 59
63988 64025 173
64004 64035 17
64009 64041 71
64029 64031 252
64056 64097 15
64074 64106 282
64083 64131 154
64103 64129 271
64114 64157 144
64116 64138 91
64127 64145 117
64152 64189 18
64163 64180 238
64165 64209 176
64170 64183 282
64196 64207 106
64214 64240 55
64220 64259 135
64249 64276 189
64256 64302 13
64258 64295 230
64259 64260 176
64260 64309 297
64283 64332 91
64286 64319 95
64306 64333 142
64326 64338 184
64345 64348 229
64350 64389 93
64358 64376 49
64388 64390 178
64413 64438 46
64440 64455 297
64463 64498 172
64468 64500 246
64474 64483 155
64495 64536 224
64509 64530 292
64537 64580 184
64560 64583 148
64577 64621 58
64591 64629 15
64605 64620 209
64618 64659 165
64628 64659 202
64654 64674 228
64667 64693 220
64697 64721 119
64698 64706 100
64714 64744 78
64720 64760 23
64734 64764 109
64734 64780 43
64756 64801 16
64778 64783 141
64806 64846 63
64829 64850 210
64843 64865 14
64865 64903 75
64866 64913 228
64866 64915 90
64887 64935 66
64894 64914 182
64912 64952 222
64931 64941 35
64947 64989 194
64959 64979 130
64965 64987 241
64980 64986 266
65010 65059 58
65018 65051 293
65047 65070 192
65069 65101 254
65069 65114 186
65099 65109 251
65107 65140 293
65109 65146 145
65136 65168 293
65166 65203 52
65183 65200 275
65186 65193 291
65186 65213 206
65196 65204 188
65214 65252 289
65226 65269 44
65251 65268 135
65277 65318 82
65296 65306 35
65317 65350 189
65329 65344 224
65337 65354 285
65345 65378 88
65348 65359 181
65361 65366 177
65366 65391 156
65373 65393 134
65387 65394 133
65414 65420 38
65424 65465 276
65452 65479 125
65481 65531 51
65502 65503 141
65530 65541 220
65560 65562 187
65568 65576 77
65586 65634 165
65609 65629 78
65609 65612 114
65616 65630 65
65635 65656 28
65636 65676 209
65659 65683 40
65662 65709 212
65673 65716 71
65691 65720 63
65699 65727 1
65729 65759 165
65741 65774 195
65743 65790 158
65745 65762 39
65762 65790 237
65785 65826 104
65794 65842 207
65796 65842 292
65816 65858 4
65829 65832 232
65851 65890 37
65868 65899 297
65891 65934 171
65891 65912 152
65915 65919 238
65921 65959 128
65951 65990 64
65963 65991 114
65978 65990 219
65985 65993 199
66007 66055 281
66022 66051 8
66047 66050 163
66075 66103 44
66100 66108 228
66113 66158 87
66126 66127 53
66130 66179 263
66160 66193 54
66170 66199 231
66194 66204 220
66210 66216 45
66239 66245 297
66266 66303 252
66284 66298 93
66288 66302 93
66293 66300 201
66298 66333 87
66328 66370 228
66356 66389 172
66375 66399 5
66392 66395 283
66394 66399 268
66417 66449 188
66427 66447 54
66452 66467 213
66473 66496 300
66474 66511 108
66502 66517 237
66507 66528 257
66507 66520 41
66533 66570 134
66561 66600 196
66566 66581 261
66579 66610 112
66584 66625 18
66590 66619 51
66620 66646 52
66624 66638 62
66629 66668 197
66639 66680 284
66657 66665 284
66678 66726 176
66687 66723 295
66715 66764 122
66738 66739 252
66766 66805 97
66791 66833 152
66818 66852 35
66827 66846 272
66846 66893 118
66874 66887 124
66900 66932 20
66928 66942 268
66935 66938 115
66939 66964 231
66951 66983 262
66976 66988 209
66980 67001 130
67002 67003 238
67028 67076 2
67050 67076 29
67064 67084 213
67094 67133 62
67107 67143 230
67114 67115 168
67131 67144 280
67133 67135 210
67137 67169 130
67155 67181 52
67157 67168 262
67167 67188 228
67191 67233 61
67204 67215 111
67212 67238 273
67227 67232 78
67230 67243 253
67244 67265 79
67273 67297 176
67278 67318 132
67278 67320 84
67287 67330 255
67292 67332 15
67301 67328 176
67331 67353 152
67348 67393 26
67349 67392 52
67373 67400 240
67387 67389 40
67393 67411 247
67398 67429 180
67414 67425 250
67436 67461 132
67461 67483 270
67467 67489 287
67493 67519 277
67517 67553 238
67537 67571 155
67549 67589 120
67562 67603 262
67567 67617 88
67580 67590 34
67601 67644 214
67610 67625 186
67628 67641 164
67658 67697 111
67673 67702 268
67695 67716 26
67713 67753 75
67725 67727 203
67730 67751 23
67733 67769 155
67750 67757 108
67775 67791 154
67802 67823 223
67819 67832 288
67824 67859 34
67848 67851 296
67869 67890 230
67892 67893 190
67896 67923 16
67912 67962 134
67915 67918 77
67932 67970 96
67936 67980 120
67936 67944 232
67959 67975 47
67959 67986 144
67978 67994 88
67985 67989 174
67988 68038 7
68003 68030 209
68013 68027 100
68028 68030 213
68037 68071 234
68040 68089 120
68060 68081 231
68069 68070 17
68077 68114 86
68103 68125 73
68130 68136 188
68140 68189 74
68155 68159 8
68174 68220 80
68189 68207 176
68215 68223 50
68243 68271 28
68249 68289 54
68269 68273 48
68272 68276 262
68296 68329 283
68324 68327 18
68332 68352 262
68349 68389 100
68373 68383 261
68382 68390 31
68410 68419 134
68416 68458 289
68442 68448 133
68463 68493 212
68467 68489 222
68493 68502 122
68507 68541 101
68535 68583 43
68549 68586 179
68561 68589 28
68582 68621 243
68601 68642 221
68618 68632 88
68648 68652 64
68676 68693 282
68679 68685 293
68709 68721 28
68723 68744 298
68727 68732 182
68731 68739 120
68741 68752 224
68770 68776 230
68798 68824 152
68818 68827 72
68830 68880 152
68849 68894 112
68866 68875 6
68896 68944 232
68898 68901 161
68904 68910 170
68927 68939 156
68948 68963 234
68958 68998 267
68960 68969 283
68961 68994 263
68968 69014 186
68991 69020 198
69015 69045 40
69026 69055 293
69038 69063 297
69063 69070 78
69078 69089 39
69081 69082 287
69097 69136 193
69099 69108 57
69104 69122 71
69108 69139 212
69114 69125 272
69128 69169 258
69153 69203 105
69161 69178 55
69178 69191 158
69204 69240 20
69215 69241 270
69230 69274 177
69244 69285 134
69244 69256 149
69246 69257 115
69251 69254 187
69256 69267 235
69262 69294 144
69292 69294 186
69313 69331 291
69324 69372 33
69325 69352 236
69350 69394 228
69368 69390 243
69377 69416 233
69381 69399 176
69401 69441 95
69413 69433 213
69440 69463 119
69462 69474 225
69486 69491 261
69504 69525 214
69517 69562 129
69518 69526 32
69525 69544 44
69535 69558 247
69557 69599 269
69571 69615 198
69584 69615 212
69586 69589 168
69613 69650 11
69637 69642 229
69648 69686 167
69650 69654 32
69651 69678 149
69664 69668 218
69674 69695 151
69691 69708 244
69720 69765 99
69728 69760 272
69730 69745 264
69749 69768 64
69758 69769 134
69786 69788 205
69803 69852 10
69815 69822 132
69821 69861 63
69846 69874 86
69859 69894 234
69860 69903 282
69861 69909 147
69889 69908 256
69905 69913 274
69905 69923 229
69914 69956 239
69917 69952 113
69927 69974 188
69927 69961 273
69931 69937 136
69958 69999 237
69963 70013 192
69970 69974 76
69992 70025 46
69995 70026 101
69996 70011 141
70009 70053 227
70015 70035 159
70033 70042 121
70059 70085 108
70065 70106 44
70066 70089 144
70088 70097 219
70089 70090 296
70118 70135 7
70131 70146 123
70156 70201 126
70160 70177 260
70162 70203 117
70190 70202 243
70207 70225 213
70235 70260 198
70251 70290 242
70280 70288 197
70280 70321 61
70305 70324 184
70326 70338 54
70348 70363 178
70377 70413 71
70399 70449 181
70422 70456 60
70441 70442 238
70458 70499 249
70465 70480 102
70470 70497 213
70481 70499 160
70507 70515 122
70528 70569 166
70541 70580 114
70541 70547 198
70565 70583 226
70584 70594 7
70609 70655 59
70638 70660 284
70659 70705 70
70667 70701 277
70669 70719 146
70699 70704 193
70714 70750 3
70743 70789 69
70751 70754 299
70774 70819 99
70794 70807 119
70815 70836 289
70836 70874 111
70861 70896 15
70879 70900 186
70904 70948 254
70907 70927 71
70926 70966 46
70954 70956 178
70981 70989 51
70990 71002 221
71017 71028 159
71035 71055 253
71044 71051 220
71052 71096 146
71061 71108 276
71062 71099 278
71088 71134 66
71104 71148 115
71133 71174 4
71139 71181 139
71154 71185 89
71162 71202 217
71165 71196 153
71187 71207 252
71193 71237 281
71219 71264 115
71225 71237 129
71238 71281 226
71248 71254 90
71264 71278 36
71280 71301 281
71295 71328 266
71323 71343 233
71327 71330 57
71345 71365 159
71361 71395 19
71370 71379 274
71373 71416 200
71393 71417 122
71416 71445 293
71444 71494 292
71469 71496 245
71473 71503 251
71482 71521 70
71503 71516 68
71519 71542 110
71534 71537 297
71536 71547 148
71545 71591 78
71555 71576 241
71564 71590 5
71580 71611 32
71591 71636 162
71612 71645 175
71623 71648 95
71633 71682 2
71640 71651 195
71640 71681 273
71656 71699 160
71661 71693 269
71675 71709 12
71692 71709 249
71714 71724 266
71722 71743 163
71744 71752 18
71763 71810 224
71771 71798 236
71780 71788 35
71787 71817 226
71797 71838 28
71803 71808 39
71816 71841 241
71821 71825 164
71825 71863 206
71849 71895 253
71877 71884 297
71886 71921 113
71909 71949 110
71928 71941 222
71931 71933 145
71937 71957 218
71966 71978 298
71993 71994 295
72010 72052 249
72018 72028 166
72020 72048 173
72049 72083 159
72068 72074 73
72070 72118 71
72095 72130 42
72120 72138 155
72149 72182 230
72177 72222 3
72192 72242 129
72208 72240 229
72237 72262 79
72251 72275 9
72261 72299 145
72283 72301 209
72285 72306 49
72302 72335 164
72308 72337 9
72328 72372 133
72342 72383 146
72368 72398 95
72379 72405 97
72386 72431 275
72406 72448 226
72424 72459 73
72453 72473 15
72469 72481 206
72471 72516 142
72475 72511 119
72476 72518 187
72490 72502 248
72519 72545 174
72521 72535 149
72524 72542 62
72535 72537 42
72562 72600 100
72573 72608 299
72593 72615 16
72602 72603 150
72616 72645 125
72634 72647 241
72662 72674 77
72685 72716 157
72698 72748 232
72709 72739 137
72714 72739 289
72729 72730 180
72758 72788 196
72774 72809 176
72796 72819 114
72814 72824 259
72841 72861 191
72851 72890 50
72863 72904 86
72890 72932 282
72915 72942 270
72937 72958 265
72949 72975 61
72963 73004 81
72983 73017 174
72993 73018 224
72993 73000 56
73005 73025 286
73015 73034 149
73041 73078 26
73043 73091 93
73072 73084 226
73076 73108 259
73082 73094 159
73098 73143 151
73120 73124 227
73126 73143 103
73138 73150 33
73160 73191 26
73182 73211 22
73190 73228 249
73219 73226 21
73221 73245 63
73228 73231 221
73256 73257 36
73283 73289 143
73287 73302 222
73308 73339 132
73311 73343 202
73312 73347 269
73342 73378 98
73368 73395 110
73380 73397 235
73405 73412 291
73418 73430 14
73421 73454 150
73422 73431 151
73433 73437 209
73433 73454 70
73444 73461 275
73452 73493 242
73477 73502 135
73478 73503 129
73490 73521 102
73513 73526 240
73532 73552 287
73555 73589 84
73575 73622 100
73591 73634 72
73607 73626 222
73628 73632 236
73652 73667 241
73679 73694 116
73685 73727 140
73705 73731 84
73730 73767 294
73736 73759 51
73755 73800 65
73782 73802 42
73793 73817 281
73823 73871 96
73825 73867 240
73840 73881 200
73849 73851 248
73855 73868 172
73864 73866 79
73881 73920 251
73888 73908 131
73913 73953 126
73916 73936 261
73939 73959 66
73951 73989 280
73960 74003 133
73962 73984 232
73972 73986 15
73988 74023 130
74013 74056 281
74031 74033 149
74059 74065 68
74077 74126 157
74103 74128 172
74111 74143 6
74139 74148 276
74156 74174 10
74161 74175 113
74170 74197 114
74191 74193 224
74209 74257 23
74225 74260 198
74245 74253 274
74275 74311 263
74279 74282 264
74289 74299 171
74291 74315 295
74320 74326 187
74342 74382 117
74371 74387 299
74373 74384 209
74380 74396 72
74390 74403 22
74409 74444 211
74432 74455 133
74434 74461 122
74459 74506 14
74481 74525 87
74500 74510 219
74517 74546 39
74520 74555 101
74539 74581 33
74545 74566 150
74565 74590 54
74569 74579 283
74584 74626 164
