5000
7 49 196
27 59 83
50 88 116
52 94 281
71 89 31
90 112 250
119 137 209
135 176 77
144 178 233
146 191 141
154 188 45
178 200 14
188 189 52
218 241 58
230 279 259
248 261 152
275 321 260
290 301 110
304 348 122
330 365 280
347 394 91
355 364 82
364 401 16
364 405 276
366 402 241
382 426 260
404 429 95
427 440 110
448 485 149
451 473 151
472 476 5
474 518 73
484 533 128
494 538 202
519 566 297
544 574 23
566 603 139
573 598 268
597 613 127
624 660 73
637 686 88
662 696 140
672 705 298
691 737 183
721 729 255
722 726 293
724 770 225
746 777 70
751 768 127
754 759 257
779 790 230
788 822 131
809 820 75
838 852 286
845 880 214
871 921 83
886 935 236
886 925 283
886 930 189
911 936 286
917 927 215
942 991 245
972 975 86
974 985 118
982 998 140
992 994 249
1020 1034 144
1039 1066 119
1052 1085 147
1073 1122 241
1097 1108 71
1116 1154 166
1137 1159 53
1138 1161 7
1155 1185 278
1169 1171 236
1171 1200 121
1201 1223 104
1213 1240 176
1226 1271 6
1247 1256 73
1269 1277 45
1279 1291 64
1283 1310 288
1311 1340 234
1315 1348 167
1331 1378 251
1338 1342 20
1367 1374 253
1390 1418 24
1399 1422 153
1421 1442 214
1433 1465 212
1445 1461 143
1474 1493 168
1480 1496 168
1487 1536 193
1498 1523 272
1522 1570 222
1549 1594 222
1561 1581 186
1580 1621 58
1592 1624 27
1617 1666 214
1628 1665 191
1638 1648 241
1663 1674 99
1675 1721 6
1678 1687 294
1701 1702 68
1702 1739 297
1720 1761 235
1729 1779 152
1739 1764 123
1744 1752 123
1770 1799 19
1783 1826 159
1801 1835 172
1807 1809 43
1819 1835 186
1841 1887 299
1862 1910 76
1888 1914 197
1915 1917 239
1917 1961 109
1927 1932 238
1940 1977 200
1941 1987 117
1941 1964 192
1967 1988 23
1986 2029 98
1999 2035 14
2022 2070 99
2030 2051 245
2041 2053 205
2070 2099 51
2090 2119 233
2118 2151 94
2144 2181 106
2149 2174 243
2151 2199 186
2159 2172 190
2177 2185 90
2207 2242 246
2218 2238 144
2240 2244 66
2242 2270 4
2248 2288 43
2254 2282 144
2267 2273 167
2290 2297 194
2297 2341 143
2312 2356 234
2317 2357 142
2328 2359 275
2333 2381 243
2356 2404 46
2363 2370 43
2375 2396 176
2388 2406 170
2412 2455 96
2437 2438 2
2448 2456 272
2470 2486 254
2498 2537 15
2514 2519 259
2535 2577 212
2541 2559 163
2554 2591 205
2566 2582 283
2578 2579 49
2591 2602 265
2603 2623 290
2614 2631 118
2614 2616 260
2614 2616 77
2636 2659 54
2652 2682 76
2664 2711 123
2674 2698 135
2700 2714 241
2715 2748 1
2727 2754 111
2752 2764 19
2768 2801 77
2791 2831 275
2808 2848 121
2834 2876 219
2836 2881 154
2845 2860 119
2859 2891 141
2866 2882 276
2876 2885 226
2893 2910 2
2902 2904 268
2905 2908 112
2931 2967 28
2931 2967 230
2947 2981 91
2963 2964 197
2968 2982 296
2989 3034 84
3003 3051 184
3019 3046 94
3028 3050 81
3058 3103 241
3087 3121 105
3090 3140 110
3117 3156 201
3123 3158 278
3130 3152 135
3142 3180 291
3161 3184 136
3175 3199 134
3188 3194 36
3203 3228 239
3207 3239 281
3218 3229 244
3220 3251 119
3229 3279 73
3248 3294 223
3273 3274 269
3295 3319 173
3308 3325 89
3336 3345 251
3350 3362 123
3365 3397 216
3366 3399 133
3375 3391 125
3384 3414 185
3392 3414 141
3397 3408 242
3426 3438 111
3452 3472 247
3481 3508 142
3493 3520 59
3502 3507 106
3507 3510 276
3507 3545 160
3532 3546 60
3559 3564 69
3561 3610 224
3591 3631 4
3602 3614 203
3604 3654 203
3619 3648 45
3620 3667 109
3647 3668 236
3672 3719 35
3697 3734 207
3724 3741 247
3746 3786 83
3768 3783 142
3773 3800 224
3784 3791 78
3789 3828 37
3818 3833 227
3848 3889 166
3848 3864 53
3853 3896 253
3875 3922 222
3880 3892 50
3881 3924 75
3904 3918 11
3927 3954 263
3955 4000 5
3979 4008 147
3990 4017 39
4007 4036 175
4023 4034 67
4038 4048 259
4059 4080 262
4082 4097 55
4106 4134 43
4109 4129 144
4126 4157 37
4145 4157 23
4158 4191 42
4172 4218 108
4180 4230 174
4192 4202 239
4209 4231 279
4217 4248 112
4234 4277 70
4245 4282 18
4249 4289 158
4259 4304 239
4267 4299 248
4294 4344 268
4321 4331 158
4328 4358 264
4338 4386 48
4359 4378 221
4377 4426 76
4390 4426 181
4392 4431 122
4395 4416 253
4397 4434 284
4420 4452 253
4424 4459 268
4448 4496 61
4475 4502 11
4475 4490 28
4502 4544 25
4527 4575 167
4543 4577 199
4566 4608 289
4591 4618 227
4600 4607 285
4614 4637 166
4643 4674 183
4643 4645 284
4662 4685 77
4691 4736 4
4706 4723 170
4722 4727 266
4743 4781 180
4760 4775 197
4771 4804 206
4789 4799 167
4818 4854 281
4824 4858 57
4844 4884 78
4849 4867 106
4868 4910 244
4893 4915 136
4902 4923 212
4928 4931 164
4939 4969 183
4950 4975 32
4970 4997 245
4998 5022 116
5001 5010 187
5024 5074 61
5042 5076 171
5070 5102 136
5075 5107 83
5101 5104 80
5122 5153 300
5141 5187 281
5141 5150 11
5171 5182 134
5171 5212 60
5201 5245 240
5226 5275 194
5235 5264 82
5245 5292 91
5275 5323 253
5275 5295 74
5303 5339 130
5322 5371 105
5337 5346 245
5338 5373 7
5341 5373 46
5348 5391 236
5348 5363 105
5357 5368 42
5387 5407 232
5404 5428 179
5417 5456 224
5447 5480 131
5459 5485 3
5477 5515 168
5498 5503 252
5522 5531 246
5544 5591 279
5563 5580 93
5590 5613 29
5610 5614 295
5614 5648 258
5633 5662 28
5663 5673 226
5688 5707 103
5703 5716 155
5714 5746 297
5727 5749 143
5757 5799 162
5757 5794 24
5770 5804 234
5790 5808 30
5799 5842 290
5802 5807 166
5812 5815 6
5832 5857 292
5856 5896 194
5883 5913 25
5895 5938 292
5917 5950 129
5938 5946 87
5960 6009 188
5975 6022 164
5982 5987 246
5995 6032 297
6004 6026 79
6014 6040 215
6042 6075 272
6065 6103 289
6076 6084 139
6087 6135 2
6110 6113 163
6118 6138 113
6124 6142 195
6139 6157 134
6168 6180 295
6186 6194 54
6195 6205 69
6200 6213 78
6218 6260 122
6223 6263 229
6230 6244 127
6260 6276 109
6274 6309 104
6281 6284 103
6299 6319 30
6310 6345 179
6310 6315 148
6328 6355 125
6337 6358 100
6352 6391 233
6353 6363 134
6356 6377 246
6364 6391 150
6369 6371 85
6372 6378 132
6402 6440 92
6419 6426 292
6439 6453 117
6452 6491 211
6455 6477 99
6459 6483 40
6461 6486 280
6462 6512 205
6489 6506 172
6500 6503 122
6507 6546 232
6523 6530 223
6549 6568 111
6575 6584 235
6584 6634 94
6604 6647 181
6633 6648 2
6662 6667 194
6666 6679 226
6676 6700 125
6697 6713 206
6717 6750 231
6735 6738 102
6750 6798 100
6752 6781 159
6765 6802 36
6766 6767 277
6788 6833 247
6815 6846 92
6826 6853 79
6850 6855 221
6867 6887 42
6884 6898 120
6901 6925 193
6920 6940 270
6923 6960 106
6950 6995 113
6952 6993 132
6965 6999 276
6970 7015 98
6976 7002 257
6983 7030 81
6996 7006 109
7025 7062 243
7054 7097 284
7065 7114 53
7078 7086 223
7080 7129 45
7109 7137 86
7123 7128 260
7136 7165 24
7150 7154 36
7162 7191 232
7187 7213 154
7214 7236 144
7233 7283 195
7239 7279 206
7254 7263 16
7272 7274 169
7287 7330 187
7315 7351 129
7331 7340 35
7351 7367 55
7370 7415 86
7377 7408 145
7401 7432 222
7415 7436 268
7439 7459 259
7458 7507 175
7480 7483 178
7486 7529 243
7493 7520 26
7517 7539 19
7533 7546 10
7562 7587 270
7572 7597 24
7583 7613 6
7611 7651 69
7633 7682 11
7659 7675 236
7684 7716 48
7708 7715 147
7738 7744 228
7745 7792 180
7766 7816 199
7792 7809 229
7792 7815 11
7816 7826 18
7837 7854 103
7863 7871 211
7882 7899 271
7882 7930 178
7905 7954 258
7923 7925 164
7951 7956 9
7953 7975 34
7977 7998 195
8003 8030 288
8027 8054 288
8039 8044 123
8041 8064 126
8047 8060 137
8060 8082 236
8076 8086 1
8105 8117 286
8113 8132 99
8126 8165 189
8155 8189 206
8164 8184 52
8176 8188 104
8201 8239 69
8207 8246 213
8229 8276 85
8232 8270 13
8258 8274 229
8263 8270 152
8274 8313 29
8289 8300 70
8298 8331 142
8298 8338 14
8298 8328 180
8302 8319 127
8328 8352 5
8348 8367 166
8371 8401 271
8390 8439 242
8391 8405 130
8407 8416 220
8432 8482 272
8438 8468 97
8465 8503 83
8479 8527 228
8498 8499 291
8526 8558 219
8539 8575 39
8546 8553 235
8552 8565 276
8566 8613 65
8595 8605 185
8622 8636 49
8651 8691 83
8672 8720 187
8700 8713 284
8725 8770 240
8752 8769 243
8760 8803 157
8761 8793 295
8770 8814 269
8772 8787 220
8801 8840 130
8823 8838 1
8846 8876 25
8862 8895 123
8882 8925 241
8893 8911 21
8920 8941 222
8938 8982 216
8955 8964 96
8961 8989 249
8990 9003 215
9017 9061 95
9022 9059 96
9024 9046 284
9037 9058 59
9066 9113 56
9096 9115 19
9097 9099 113
9127 9156 66
9154 9164 111
9159 9184 180
9166 9193 274
9170 9216 204
9172 9214 65
9186 9227 212
9197 9201 114
9205 9254 99
9214 9226 131
9234 9277 215
9246 9289 138
9259 9280 205
9272 9287 134
9273 9321 264
9289 9338 103
9299 9302 199
9312 9320 131
9335 9385 58
9355 9359 97
9365 9406 170
9387 9413 73
9410 9450 9
9415 9463 133
9421 9452 271
9421 9468 162
9429 9475 243
9431 9445 103
9458 9459 281
9459 9503 135
9473 9492 64
9499 9533 292
9507 9526 15
9524 9536 3
9535 9568 144
9539 9544 72
9539 9542 87
9544 9545 157
9573 9595 38
9586 9633 52
9612 9625 243
9635 9655 225
9665 9700 219
9692 9736 209
9695 9738 197
9702 9725 62
9712 9762 263
9714 9722 63
9729 9748 233
9742 9784 292
9755 9790 212
9781 9791 49
9797 9808 25
9804 9836 191
9831 9868 240
9852 9869 28
9865 9869 195
9876 9919 50
9903 9953 114
9916 9956 1
9925 9955 58
9949 9954 123
9962 9978 241
9970 9979 88
9972 10019 40
9996 10045 266
10026 10031 11
10051 10077 79
10081 10125 300
10086 10102 116
10109 10153 284
10132 10144 61
10140 10164 4
10167 10180 86
10169 10200 173
10186 10204 22
10197 10246 90
10221 10268 170
10224 10242 149
10232 10256 84
10247 10254 184
10253 10283 9
10256 10295 264
10262 10264 6
10287 10327 284
10309 10337 253
10337 10358 215
10349 10377 200
10366 10409 271
10395 10431 82
10395 10408 82
10405 10440 133
10422 10439 168
10437 10442 178
10441 10474 288
10464 10508 21
10471 10474 221
10479 10502 231
10490 10504 138
10491 10529 50
10515 10518 297
10538 10586 47
10538 10545 191
10548 10565 64
10556 10557 162
10568 10586 81
10597 10641 156
10624 10636 86
10625 10648 8
10652 10676 254
10664 10710 190
10676 10692 184
10677 10684 91
10693 10742 10
10722 10740 123
10723 10765 8
10729 10733 80
10749 10760 4
10753 10789 76
10775 10788 250
10795 10801 261
10811 10847 172
10826 10848 36
10841 10861 251
10862 10884 19
10863 10895 178
10868 10917 210
10876 10892 213
10904 10940 184
10933 10950 290
10948 10974 270
10960 10992 44
10981 10993 253
11005 11021 208
11027 11047 297
11031 11036 3
11052 11082 124
11060 11099 19
11077 11094 144
11088 11115 216
11113 11123 121
11118 11162 39
11138 11182 209
11156 11195 133
11163 11174 164
11190 11196 64
11203 11235 264
11224 11254 180
11253 11287 5
11267 11294 247
11278 11327 102
11298 11319 60
11328 11332 133
11345 11368 264
11375 11389 145
11402 11450 52
11430 11436 215
11444 11481 153
11471 11514 74
11475 11489 266
11491 11526 57
11507 11537 200
11524 11531 250
11538 11553 216
11554 11576 66
11576 11615 3
11579 11582 205
11581 11594 261
11603 11647 261
11629 11658 210
11639 11661 188
11649 11662 203
11673 11693 121
11675 11706 21
11683 11697 90
11687 11713 76
11696 11745 252
11711 11758 160
11738 11740 162
11750 11775 221
11773 11819 243
11786 11800 64
11805 11836 19
11813 11817 174
11825 11866 256
11838 11860 47
11841 11852 35
11856 11869 113
11872 11922 217
11876 11925 287
11905 11938 74
11914 11936 102
11929 11950 99
11942 11949 23
11963 11965 281
11988 12001 190
12000 12045 17
12008 12016 283
12013 12060 132
12039 12088 152
12064 12095 12
12090 12108 176
12120 12168 140
12126 12158 148
12143 12192 133
12156 12191 111
12160 12203 114
12170 12186 201
12173 12178 242
12192 12206 227
12206 12215 237
12221 12266 74
12239 12251 64
12244 12251 31
12266 12309 57
12267 12286 41
12284 12302 75
12299 12335 86
12314 12354 209
12327 12337 135
12342 12363 87
12342 12373 150
12363 12401 90
12372 12391 113
12372 12402 92
12392 12418 220
12412 12426 47
12433 12480 52
12462 12498 124
12470 12507 115
12485 12487 143
12491 12535 270
12502 12544 14
12514 12559 101
12527 12548 42
12549 12588 77
12552 12557 9
12563 12568 130
12589 12596 199
12589 12637 263
12615 12660 154
12637 12687 45
12648 12679 191
12662 12694 106
12664 12672 107
12678 12725 138
12692 12735 132
12710 12719 224
12725 12731 125
12729 12760 204
12749 12785 34
12776 12802 54
12799 12811 272
12827 12870 296
12846 12852 86
12853 12869 112
12877 12920 58
12884 12915 93
12903 12924 110
12919 12955 226
12942 12979 72
12967 12993 1
12975 12990 233
13003 13052 126
13033 13083 49
13058 13100 158
13063 13105 274
13082 13113 126
13091 13113 50
13097 13128 230
13120 13145 200
13129 13150 284
13139 13160 190
13149 13161 158
13166 13189 117
13190 13212 24
13194 13196 196
13205 13228 160
13215 13265 112
13222 13227 78
13230 13251 137
13233 13267 124
13235 13248 232
13241 13267 227
13252 13274 130
13254 13290 186
13274 13319 18
13288 13314 101
13305 13322 95
13311 13318 165
13313 13317 74
13333 13351 273
13358 13392 1
13366 13385 196
13366 13401 158
13376 13387 16
13380 13406 176
13404 13429 42
13416 13462 157
13422 13464 192
13451 13454 250
13453 13462 251
13480 13504 272
13490 13526 214
13505 13539 234
13520 13548 175
13527 13528 213
13547 13577 28
13552 13579 290
13559 13570 133
13566 13572 81
13573 13574 75
13600 13603 242
13605 13621 166
13622 13653 129
13639 13676 127
13654 13689 180
13675 13722 200
13681 13726 70
13710 13753 274
13710 13714 133
13734 13743 272
13745 13753 240
13756 13758 196
13763 13781 180
13783 13828 278
13803 13818 210
13827 13844 147
13845 13873 245
13847 13864 257
13848 13850 114
13859 13892 109
13881 13909 290
13903 13927 72
13912 13925 14
13937 13970 295
13937 13976 287
13948 13951 67
13954 13984 253
13981 14029 19
13981 14031 166
13987 14016 48
14003 14037 128
14025 14046 182
14038 14068 63
14054 14094 20
14082 14123 250
14098 14144 74
14115 14134 37
14134 14135 220
14162 14171 91
14175 14220 64
14181 14231 58
14188 14202 135
14192 14208 97
14212 14221 28
14235 14252 41
14261 14267 107
14275 14293 162
14300 14311 130
14327 14370 59
14347 14362 270
14367 14402 187
14373 14412 266
14390 14431 237
14406 14416 229
14433 14461 157
14461 14500 260
14474 14512 122
14498 14544 282
14498 14501 194
14521 14564 235
14535 14543 259
14550 14579 8
14579 14620 182
14596 14635 197
14603 14635 84
14628 14676 292
14652 14662 147
14672 14688 62
14688 14693 3
14697 14712 174
14703 14713 269
14712 14714 108
14718 14754 175
14721 14761 3
14748 14766 253
14757 14758 84
14778 14821 130
14779 14823 271
14785 14829 295
14805 14815 61
14822 14855 39
14847 14885 132
14866 14904 98
14878 14889 103
14886 14897 176
14911 14915 183
14939 14946 230
14940 14951 119
14942 14944 91
14962 14984 159
14988 15008 190
15001 15037 68
15019 15051 99
15030 15062 24
15055 15095 293
15080 15105 158
15083 15123 90
15099 15140 208
15103 15142 192
15110 15126 245
15114 15156 26
15130 15151 126
15142 15188 267
15168 15211 146
15195 15223 109
15222 15257 58
15246 15271 244
15255 15272 101
15270 15316 84
15297 15314 103
15299 15314 188
15327 15359 180
15333 15352 147
15334 15339 291
15334 15359 242
15338 15370 188
15367 15376 200
15390 15391 129
15400 15402 64
15411 15423 154
15422 15429 137
15427 15452 67
15435 15471 86
15458 15481 209
15460 15463 23
15467 15506 186
15494 15524 107
15515 15525 228
15534 15557 206
15563 15594 63
15569 15584 147
15598 15603 271
15601 15609 216
15624 15662 219
15650 15696 173
15669 15717 70
15685 15701 80
15686 15733 172
15702 15726 37
15706 15724 13
15724 15736 297
15754 15763 47
15756 15783 224
15775 15812 103
15801 15812 282
15820 15841 169
15831 15873 16
15837 15840 121
15863 15901 1
15872 15911 108
15876 15896 144
15902 15952 72
15922 15946 49
15945 15957 51
15970 15992 284
15991 16019 67
16001 16043 64
16021 16062 109
16039 16064 199
16053 16093 8
16081 16124 32
16111 16119 236
16133 16180 79
16155 16202 134
16173 16174 141
16203 16223 108
16213 16242 137
16213 16263 260
16217 16258 128
16246 16278 208
16274 16321 283
16302 16352 57
16321 16338 276
16331 16375 165
16344 16385 224
16372 16404 95
16396 16420 88
16410 16414 91
16433 16465 108
16455 16464 153
16471 16479 10
16498 16530 168
16508 16555 89
16536 16545 144
16558 16563 204
16561 16586 132
16570 16580 48
16578 16605 71
16608 16630 15
16632 16646 205
16662 16676 173
16689 16712 53
16699 16709 83
16703 16729 273
16708 16712 182
16736 16753 175
16766 16773 251
16781 16785 166
16799 16803 51
16825 16834 207
16853 16859 288
16874 16901 178
16876 16894 38
16888 16912 121
16904 16934 231
16911 16936 124
16932 16976 75
16946 16987 213
16949 16983 231
16952 16996 143
16963 17011 26
16966 16982 258
16984 17006 74
16995 17003 251
17011 17040 71
17026 17075 194
17043 17077 162
17065 17077 88
17075 17103 273
17080 17108 288
17087 17106 188
17095 17128 255
17122 17158 63
17131 17169 60
17145 17166 131
17169 17197 145
17192 17201 195
17216 17224 280
17241 17247 72
17246 17273 8
17268 17315 147
17270 17279 56
17275 17279 19
17302 17308 230
17310 17322 219
17319 17366 300
17326 17332 110
17353 17373 50
17378 17408 33
17398 17413 172
17410 17434 202
17415 17447 134
17415 17446 113
17429 17473 97
17444 17469 120
17468 17489 166
17476 17514 32
17478 17500 98
17501 17543 289
17522 17532 285
17528 17545 64
17555 17586 151
17558 17570 227
17571 17620 193
17597 17632 197
17619 17634 37
17624 17651 104
17625 17641 142
17640 17646 85
17668 17674 47
17688 17718 29
17718 17760 204
17718 17728 201
17743 17753 12
17773 17802 94
17802 17818 131
17813 17843 292
17842 17884 173
17842 17863 220
17853 17900 26
17857 17863 51
17887 17934 85
17914 17946 79
17925 17947 71
17951 17996 48
17978 18007 34
17998 18000 260
18018 18039 185
18039 18045 162
18054 18080 196
18078 18115 159
18086 18115 111
18096 18133 184
18099 18112 229
18113 18151 10
18121 18146 107
18150 18173 186
18175 18225 79
18178 18182 276
18179 18193 176
18203 18242 145
18214 18259 246
18241 18244 184
18260 18291 262
18278 18318 68
18307 18344 56
18314 18353 158
18325 18346 91
18344 18356 281
18345 18391 229
18347 18384 260
18361 18364 30
18364 18402 79
18372 18398 182
18377 18397 222
18391 18425 75
18409 18437 200
18427 18440 69
18427 18451 50
18435 18441 57
18441 18464 175
18442 18444 105
18442 18480 134
18464 18495 248
18474 18518 160
18490 18493 171
18502 18516 53
18526 18554 217
18536 18565 167
18554 18603 27
18559 18573 258
18586 18629 7
18610 18613 166
18624 18632 192
18631 18647 231
18638 18647 95
18640 18673 3
18645 18682 16
18661 18668 106
18679 18702 117
18683 18709 241
18709 18727 212
18731 18771 122
18737 18746 182
18758 18801 242
18761 18778 250
18767 18794 300
18787 18824 66
18788 18820 2
18791 18821 297
18808 18854 20
18827 18832 124
18831 18865 25
18851 18897 45
18877 18921 211
18906 18910 254
18917 18961 262
18932 18933 11
18945 18958 172
18951 18964 120
18971 18976 51
18981 19000 92
18991 19040 3
18999 19031 64
19013 19016 106
19029 19075 297
19031 19052 235
19032 19067 110
19045 19083 270
19070 19095 72
19080 19111 120
19105 19144 107
19121 19169 45
19132 19135 61
19132 19166 198
19158 19192 226
19167 19206 187
19173 19213 182
19191 19192 211
19195 19210 180
19222 19272 53
19232 19276 117
19250 19260 63
19254 19268 132
19262 19288 71
19283 19320 140
19306 19328 88
19316 19362 295
19316 19322 111
19329 19342 182
19358 19363 27
19376 19379 14
19388 19413 64
19400 19402 202
19407 19430 293
19407 19416 233
19417 19456 63
19419 19443 270
19432 19450 105
19461 19467 23
19480 19516 170
19503 19514 248
19511 19517 37
19520 19546 82
19537 19556 206
19543 19558 24
19569 19584 70
19585 19593 174
19592 19612 193
19594 19619 170
19613 19617 174
19621 19652 45
19650 19656 255
19664 19676 276
19674 19693 137
19692 19693 288
19706 19724 164
19707 19719 9
19730 19762 102
19743 19754 194
19768 19777 47
19773 19818 271
19797 19839 87
19800 19811 2
19806 19832 8
19812 19847 155
19816 19838 106
19841 19879 293
19866 19897 90
19884 19889 162
19886 19903 90
19911 19927 123
19933 19950 79
19946 19956 122
19951 19999 94
19972 20018 19
19993 20005 36
20012 20053 51
20036 20081 212
20063 20101 102
20071 20104 271
20091 20102 143
20113 20155 180
20132 20157 169
20137 20171 18
20164 20213 253
20180 20230 35
20186 20193 36
20213 20228 210
20219 20257 56
20228 20261 88
20241 20268 214
20268 20288 53
20284 20294 279
20297 20303 121
20305 20322 283
20310 20351 247
20313 20338 280
20331 20362 261
20344 20393 76
20362 20382 196
20388 20399 95
20391 20438 131
20415 20428 284
20444 20469 227
20469 20508 228
20485 20522 90
20501 20543 207
20517 20554 269
20534 20562 222
20536 20568 192
20553 20574 80
20553 20587 9
20561 20596 23
20579 20606 102
20609 20651 142
20614 20655 179
20616 20638 72
20623 20669 41
20640 20657 41
20653 20699 210
20661 20678 80
20664 20670 114
20688 20719 257
20689 20690 112
20691 20719 222
20719 20769 190
20720 20736 93
20738 20744 93
20752 20771 122
20780 20789 297
20804 20814 27
20822 20859 226
20828 20849 174
20839 20887 68
20863 20900 211
20882 20892 242
20911 20953 170
20925 20941 117
20938 20968 282
20953 20966 148
20955 20986 141
20968 20983 44
20982 20990 222
21006 21015 119
21009 21031 88
21026 21060 299
21030 21046 50
21037 21061 167
21063 21067 148
21082 21086 299
21093 21118 72
21115 21125 260
21138 21181 105
21163 21192 44
21163 21168 195
21182 21208 21
21210 21219 107
21238 21239 116
21256 21287 52
21275 21296 30
21285 21316 111
21314 21328 27
21330 21370 137
21340 21373 287
21363 21409 108
21388 21420 36
21408 21420 124
21421 21457 204
21441 21481 84
21461 21501 161
21472 21506 4
21502 21517 87
21529 21559 169
21532 21536 93
21538 21542 100
21559 21581 165
21578 21623 146
21596 21625 13
21608 21629 118
21620 21650 161
21625 21654 166
21647 21683 107
21673 21709 80
21697 21702 171
21707 21709 233
21724 21740 231
21731 21755 180
21757 21807 148
21777 21782 295
21789 21790 188
21801 21833 210
21831 21873 219
21836 21841 136
21847 21890 15
21853 21881 24
21860 21864 224
21868 21916 220
21894 21922 261
21901 21911 48
21926 21956 17
21927 21970 138
21939 21974 255
21958 21962 200
21963 22008 147
21980 21997 71
22006 22046 29
22014 22055 105
22042 22063 185
22054 22064 231
22071 22113 204
22089 22138 105
22112 22155 54
22136 22140 3
22159 22191 74
22180 22183 189
22200 22243 173
22229 22255 64
22255 22282 196
22260 22293 133
22260 22291 196
22272 22308 277
22282 22287 216
22302 22334 18
22319 22351 114
22320 22345 163
22320 22355 196
22337 22358 146
22357 22380 142
22371 22382 148
22384 22426 249
22388 22426 262
22418 22460 178
22433 22482 25
22435 22476 108
22463 22495 52
22482 22509 263
22511 22541 50
22531 22554 299
22542 22554 18
22562 22584 101
22567 22599 243
22572 22587 252
22578 22589 85
22608 22620 167
22619 22666 64
22619 22636 255
22647 22695 51
22677 22682 131
22705 22740 250
22735 22743 21
22754 22782 72
22760 22766 46
22766 22807 184
22782 22827 135
22787 22811 43
22805 22836 295
22817 22824 14
22826 22864 113
22829 22859 103
22858 22869 94
22871 22920 122
22894 22924 36
22922 22939 213
22935 22959 144
22959 22967 140
22968 22990 275
22981 23013 67
22982 23032 81
23000 23049 193
23000 23050 250
23016 23052 9
23019 23065 73
23025 23056 255
23046 23047 101
23049 23087 217
23058 23092 173
23076 23085 198
23081 23087 253
23110 23153 44
23136 23181 93
23139 23175 72
23150 23194 18
23167 23193 17
23188 23204 252
23193 23243 136
23215 23220 107
23220 23242 264
23232 23238 253
23259 23263 12
23263 23287 211
23270 23289 4
23291 23320 184
23300 23330 22
23317 23322 42
23328 23364 174
23328 23365 35
23350 23351 258
23351 23362 82
23361 23373 61
23364 23372 129
23365 23389 266
23375 23390 287
23385 23415 1
23386 23409 271
23415 23418 141
23440 23471 145
23444 23460 24
23470 23490 244
23487 23501 10
23493 23543 56
23497 23543 173
23512 23514 71
23512 23531 75
23526 23571 166
23529 23578 84
23549 23555 163
23572 23591 160
23581 23607 41
23587 23617 233
23591 23634 295
23606 23641 173
23626 23635 216
23648 23687 112
23678 23728 262
23685 23735 204
23694 23717 54
23697 23704 174
23704 23716 238
23720 23747 189
23743 23751 98
23772 23798 126
23778 23814 285
23799 23820 182
23822 23841 111
23847 23875 115
23858 23879 102
23860 23873 299
23876 23921 270
23893 23911 264
23893 23924 192
23920 23963 147
23947 23971 223
23969 23997 150
23981 23986 292
23981 24003 30
23995 24045 12
23996 24006 152
23999 24039 39
24023 24054 216
24029 24041 244
24038 24088 52
24062 24078 221
24091 24124 273
24113 24146 276
24128 24137 233
24153 24181 58
24175 24199 153
24189 24190 203
24211 24219 186
24230 24253 258
24235 24284 88
24239 24275 8
24252 24275 59
24252 24300 136
24257 24299 140
24274 24281 270
24278 24318 55
24291 24335 93
24297 24319 153
24314 24332 123
24325 24356 85
24329 24338 114
24358 24375 173
24370 24398 126
24393 24404 24
24397 24406 82
24406 24408 297
24429 24435 83
24440 24490 63
24453 24467 59
24477 24526 251
24487 24516 35
24510 24527 9
24521 24545 151
24545 24556 164
24566 24588 24
24593 24610 177
24615 24626 24
24629 24679 131
24657 24669 260
24670 24683 102
24672 24676 63
24699 24728 263
24724 24728 215
24736 24785 227
24756 24790 290
24760 24804 260
24782 24811 41
24793 24843 111
24816 24832 294
24825 24859 80
24847 24869 228
24847 24871 114
24875 24918 30
24895 24919 89
24904 24937 22
24921 24941 39
24946 24952 190
24974 24997 66
24974 24991 226
24994 25044 298
25016 25028 169
25035 25042 127
25044 25080 265
25051 25094 285
25070 25102 234
25099 25144 204
25118 25128 261
25127 25151 10
25152 25156 69
25156 25199 174
25165 25194 56
25178 25212 46
25183 25194 9
25193 25220 167
25194 25197 293
25220 25247 85
25220 25236 273
25249 25289 121
25270 25279 184
25278 25302 142
25278 25280 43
25306 25335 145
25332 25377 253
25360 25361 51
25389 25409 33
25396 25445 252
25397 25409 40
25397 25439 215
25419 25455 26
25433 25477 150
25441 25444 34
25454 25475 154
25466 25474 46
25478 25515 231
25507 25510 80
25531 25547 68
25534 25582 5
25534 25543 214
25537 25587 244
25546 25578 134
25559 25602 5
25561 25571 229
25588 25593 280
25592 25607 147
25596 25624 82
25625 25652 276
25641 25660 177
25665 25713 270
25666 25681 298
25677 25690 285
25706 25744 300
25711 25759 283
25730 25769 182
25742 25749 64
25759 25769 251
25768 25813 92
25776 25802 171
25784 25830 233
25812 25849 271
25825 25859 184
25834 25866 178
25859 25876 119
25885 25920 219
25898 25911 110
25921 25927 234
25934 25953 248
25952 25964 120
25959 25981 19
25963 25982 285
25967 25986 215
25975 25979 161
25984 26008 12
26009 26041 18
26019 26049 283
26025 26064 190
26034 26062 282
26038 26086 147
26054 26070 73
26070 26085 300
26080 26105 100
26097 26112 269
26098 26122 104
26116 26138 17
26119 26167 59
26144 26183 95
26169 26178 212
26184 26203 165
26190 26231 125
26218 26255 38
26239 26247 297
26269 26295 64
26281 26316 185
26303 26350 110
26318 26357 166
26348 26349 11
26355 26401 174
26381 26412 263
26385 26389 41
26402 26425 113
26406 26410 280
26411 26418 293
26427 26442 150
26442 26445 105
26445 26463 182
26450 26467 222
26474 26487 23
26501 26541 169
26526 26567 24
26532 26534 6
26533 26534 48
26542 26548 124
26551 26562 247
26559 26593 234
26574 26624 82
26576 26610 192
26581 26597 172
26586 26618 156
26611 26642 70
26619 26621 98
26621 26634 238
26632 26634 261
26662 26705 183
26667 26701 34
26676 26678 213
26679 26687 45
26704 26737 17
26706 26749 198
26729 26763 212
26739 26779 29
26757 26794 196
26761 26802 70
26786 26826 271
26800 26801 249
26812 26836 145
26836 26875 82
26860 26882 271
26888 26900 161
26905 26933 209
26916 26963 72
26936 26985 294
26946 26972 273
26959 26984 125
26973 27015 112
26976 27024 233
26989 27028 233
27011 27016 272
27013 27039 107
27019 27030 52
27026 27047 282
27033 27080 129
27059 27072 288
27082 27121 166
27098 27142 77
27100 27139 255
27125 27169 126
27155 27190 32
27170 27171 56
27195 27203 189
27210 27225 290
27219 27248 99
27219 27234 87
27223 27271 196
27246 27262 293
27257 27274 9
27279 27300 237
27298 27311 39
27321 27335 206
27346 27373 44
27358 27395 44
27363 27397 87
27383 27403 61
27389 27429 10
27395 27412 176
27421 27462 201
27431 27463 26
27451 27452 11
27479 27520 99
27493 27511 209
27493 27527 261
27501 27508 121
27507 27517 28
27530 27538 247
27534 27584 237
27541 27548 13
27541 27569 124
27548 27577 73
27568 27602 172
27583 27612 37
27594 27598 17
27598 27600 22
27604 27651 76
27621 27624 257
27622 27635 265
27628 27631 165
27651 27671 242
27674 27678 96
27699 27731 286
27720 27742 134
27726 27733 24
27744 27792 229
27767 27804 228
27780 27785 61
27780 27797 261
27791 27813 45
27797 27806 53
27817 27826 115
27830 27839 211
27854 27872 205
27884 27917 36
27914 27948 29
27928 27949 239
27944 27953 3
27956 27977 74
27959 27998 70
27981 27990 153
27984 28001 200
28004 28032 68
28022 28029 296
28040 28062 153
28048 28096 217
28076 28105 2
28102 28138 182
28129 28145 38
28151 28174 162
28166 28210 177
28196 28234 67
28218 28246 166
28238 28288 91
28253 28274 52
28258 28274 203
28263 28290 112
28286 28336 240
28287 28297 216
28289 28297 267
28289 28321 263
28300 28334 146
28306 28311 192
28318 28359 298
28326 28343 198
28350 28390 101
28351 28383 153
28366 28373 56
28392 28428 117
28417 28428 155
28419 28439 234
28439 28465 191
28464 28471 229
28481 28523 250
28491 28505 241
28504 28531 190
28524 28560 219
28538 28568 14
28538 28574 66
28561 28593 175
28568 28592 231
28569 28592 118
28574 28589 187
28581 28606 289
28605 28642 142
28625 28667 179
28633 28635 138
28654 28694 104
28670 28687 198
28674 28675 57
28689 28691 216
28697 28737 211
28722 28767 43
28732 28746 193
28756 28761 17
28769 28810 41
28779 28792 254
28790 28813 134
28805 28815 125
28813 28848 87
28828 28844 195
28837 28880 258
28849 28876 283
28859 28888 299
28886 28918 201
28886 28898 217
28886 28930 9
28910 28930 28
28911 28930 154
28925 28930 225
28938 28954 84
28955 28956 209
28959 28992 238
28975 28986 24
28978 29019 11
28987 29013 258
29012 29049 192
29030 29045 106
29048 29063 72
29070 29100 131
29098 29124 116
29111 29141 132
29130 29159 289
29146 29173 140
29149 29177 169
29149 29196 247
29151 29191 84
29174 29198 214
29191 29205 112
29192 29232 17
29208 29241 186
29227 29273 60
29229 29255 93
29231 29259 183
29245 29278 12
29261 29310 283
29287 29325 7
29297 29341 3
29324 29332 184
29339 29343 5
29350 29371 70
29365 29380 123
29377 29399 294
29405 29414 261
29433 29457 31
29436 29459 213
29462 29485 7
29490 29497 136
29516 29541 18
29546 29566 245
29566 29575 190
29591 29622 192
29592 29605 204
29611 29615 172
29623 29630 154
29624 29645 247
29630 29631 105
29634 29653 88
29649 29653 86
29672 29702 96
29680 29687 43
29693 29714 69
29694 29705 241
29701 29709 297
29724 29755 47
29754 29802 273
29768 29806 182
29778 29810 292
29808 29820 254
29830 29862 140
29833 29836 93
29860 29884 110
29881 29899 190
29897 29922 254
29907 29950 63
29931 29934 140
29955 29976 173
29983 30008 177
30003 30024 195
30032 30037 85
30033 30053 44
30057 30069 271
30085 30088 141
30087 30117 68
30102 30116 149
30124 30174 10
30145 30176 12
30152 30199 274
30152 30187 159
30164 30190 89
30174 30221 25
30198 30201 20
30205 30229 252
30225 30248 251
30241 30256 264
30255 30276 83
30275 30323 151
30294 30302 188
30309 30324 72
30326 30365 86
30349 30364 28
30369 30393 23
30396 30401 134
30397 30438 127
30408 30424 156
30421 30461 204
30427 30469 257
30430 30459 158
30445 30452 261
30465 30513 289
30486 30534 272
30496 30543 225
30511 30557 261
30533 30570 235
30535 30553 221
30551 30563 60
30568 30604 244
30594 30634 71
30608 30641 3
30636 30674 172
30654 30666 141
30674 30700 213
30704 30747 200
30720 30767 216
30740 30763 115
30761 30772 287
30778 30783 114
30803 30838 123
30827 30837 238
30831 30844 275
30836 30882 93
30845 30894 132
30866 30876 252
30868 30869 152
30875 30882 32
30903 30934 181
30916 30960 123
30946 30986 91
30961 31009 234
30984 31026 127
31014 31056 34
31016 31052 118
31037 31086 105
31056 31059 170
31073 31078 263
31098 31119 174
31114 31122 281
31133 31164 40
31142 31149 291
31153 31201 187
31175 31224 57
31199 31244 166
31224 31269 104
31224 31252 297
31227 31237 7
31246 31276 79
31265 31312 266
31279 31282 5
31309 31316 119
31330 31379 38
31348 31355 269
31359 31374 143
31381 31382 211
31405 31449 109
31422 31438 291
31437 31469 55
31465 31514 76
31471 31508 299
31484 31531 112
31493 31511 271
31507 31538 50
31522 31551 288
31550 31585 229
31573 31590 277
31589 31630 155
31595 31645 111
31610 31641 176
31639 31641 184
31654 31687 48
31660 31709 171
31669 31711 268
31684 31709 205
31696 31710 153
31704 31754 118
31718 31764 183
31744 31768 298
31768 31779 60
31784 31820 221
31792 31804 63
31806 31845 88
31806 31833 88
31829 31845 63
31830 31864 104
31852 31894 51
31854 31870 195
31881 31908 227
31894 31903 190
31894 31927 10
31919 31953 281
31928 31947 242
31951 31981 285
31970 32020 67
31997 32019 36
31998 32047 206
32004 32031 24
32028 32040 35
32038 32058 20
32068 32095 92
32073 32095 83
32101 32117 112
32101 32149 151
32103 32143 149
32115 32160 266
32130 32166 262
32137 32176 162
32150 32185 246
32178 32218 262
32179 32206 270
32209 32222 7
32219 32231 92
32233 32274 195
32234 32245 189
32255 32280 40
32274 32305 18
32299 32344 29
32319 32320 8
32347 32363 165
32363 32391 236
32370 32392 151
32394 32421 205
32400 32421 248
32418 32455 68
32445 32485 90
32464 32474 176
32492 32533 86
32501 32518 51
32504 32529 50
32518 32555 12
32547 32553 263
32561 32567 48
32578 32611 196
32602 32623 103
32625 32634 247
32645 32678 240
32661 32669 32
32682 32719 117
32690 32739 287
32697 32737 193
32720 32730 54
32747 32796 273
32751 32781 123
32757 32776 190
32783 32802 107
32802 32819 272
32805 32842 2
32824 32844 193
32835 32855 189
32840 32842 297
32845 32868 199
32869 32886 169
32872 32900 284
32889 32899 31
32913 32922 176
32920 32956 235
32937 32958 29
32948 32975 251
32973 32978 174
32981 33018 119
32988 32997 151
33001 33011 62
33017 33027 20
33019 33042 209
33044 33062 252
33051 33086 41
33072 33084 95
33101 33123 284
33118 33122 203
33135 33163 284
33160 33206 280
33166 33214 257
33195 33221 25
33202 33236 59
33219 33269 165
33233 33257 25
33244 33278 154
33263 33309 46
33263 33275 259
33292 33304 118
33294 33332 230
33301 33329 28
33321 33353 129
33336 33346 142
33341 33351 119
33344 33368 4
33358 33385 234
33363 33402 85
33382 33388 282
33403 33431 161
33405 33436 288
33435 33457 215
33442 33468 175
33442 33474 147
33450 33465 78
33464 33489 29
33489 33499 294
33512 33522 104
33537 33555 105
33552 33599 286
33582 33586 225
33595 33609 66
33608 33656 61
33621 33657 21
33623 33630 86
33623 33671 33
33628 33645 282
33658 33689 91
33684 33714 198
33688 33709 154
33698 33726 43
33703 33736 110
33712 33735 63
33734 33756 31
33739 33751 23
33747 33759 191
33773 33781 82
33776 33781 88
33792 33827 20
33819 33852 228
33822 33871 283
33826 33858 126
33834 33837 139
33834 33867 242
33839 33867 140
33866 33901 7
33869 33907 235
33873 33897 44
33876 33913 283
33876 33925 133
33880 33907 248
33883 33925 71
33904 33953 228
33934 33960 287
33937 33943 120
33941 33963 225
33957 34001 72
33963 34006 73
33977 33983 254
34007 34022 258
34019 34049 156
34048 34087 199
34056 34106 215
34063 34088 234
34068 34099 181
34073 34087 228
34098 34137 52
34100 34146 182
34111 34117 281
34122 34164 17
34132 34142 208
34139 34171 195
34160 34169 193
34168 34171 48
34197 34244 286
34204 34225 258
34207 34214 240
34211 34241 298
34214 34236 146
34223 34261 264
34238 34266 194
34238 34269 54
34261 34298 249
34268 34274 242
34286 34315 156
34296 34345 173
34315 34337 242
34342 34355 255
34357 34404 95
34366 34400 57
34373 34389 177
34379 34380 94
34385 34421 148
34388 34433 89
34407 34443 68
34414 34461 281
34417 34428 153
34443 34477 220
34472 34502 96
34486 34519 198
34509 34538 67
34520 34550 88
34547 34577 94
34553 34582 274
34563 34597 35
34591 34598 85
34615 34656 77
34636 34676 96
34647 34661 241
34651 34654 7
34661 34685 203
34690 34718 25
34719 34750 173
34736 34764 75
34745 34776 283
34746 34771 96
34746 34785 145
34771 34798 215
34775 34824 31
34796 34827 178
34821 34869 183
34823 34854 145
34846 34889 74
34850 34859 133
34872 34888 186
34875 34882 120
34879 34918 182
34907 34938 24
34910 34938 88
34921 34937 77
34933 34973 281
34962 35004 97
34964 35009 197
34991 35011 254
35000 35005 80
35010 35016 237
35015 35036 143
35032 35057 220
35046 35073 160
35072 35113 183
35093 35137 49
35117 35149 273
35131 35161 153
35138 35180 84
35154 35156 272
35158 35191 18
35159 35187 113
35167 35213 156
35196 35215 29
35219 35246 102
35245 35265 1
35264 35295 205
35285 35332 208
35300 35349 120
35306 35334 10
35331 35341 1
35348 35351 80
35362 35411 295
35377 35405 100
35404 35435 237
35425 35454 28
35429 35442 244
35450 35470 79
35468 35495 69
35492 35528 1
35521 35525 271
35536 35538 132
35553 35595 6
35567 35589 250
35593 35631 230
35614 35648 42
35632 35673 211
35658 35692 283
35677 35701 27
35699 35708 22
35700 35743 290
35700 35706 115
35707 35724 23
35722 35732 279
35752 35758 285
35761 35787 75
35776 35815 9
35788 35825 99
35817 35845 217
35817 35847 296
35840 35856 16
35860 35895 247
35866 35900 296
35885 35888 180
35904 35944 33
35912 35942 36
35923 35949 10
35928 35962 266
35935 35943 19
35945 35964 49
35969 35974 141
35969 35999 248
35974 35994 88
35997 36020 150
36027 36047 292
36033 36061 161
36041 36080 31
36069 36073 9
36080 36109 211
36105 36122 249
36122 36172 255
36138 36154 106
36153 36187 105
36161 36181 131
36170 36177 148
36181 36206 236
36181 36207 204
36199 36239 187
36219 36224 105
36244 36283 210
36251 36261 32
36271 36312 118
36293 36322 143
36302 36328 198
36308 36319 161
36318 36358 41
36319 36322 242
36333 36363 163
36344 36371 108
36344 36364 239
36372 36409 158
36400 36420 229
36404 36409 89
36422 36449 182
36447 36450 219
36470 36497 98
36478 36508 84
36490 36525 37
36499 36549 123
36510 36511 91
36538 36570 289
36541 36559 116
36559 36566 46
36582 36596 287
36611 36618 86
36612 36658 96
36627 36651 110
36637 36650 14
36648 36698 98
36658 36700 228
36660 36667 218
36672 36691 17
36696 36745 228
36700 36716 40
36720 36769 245
36721 36750 183
36746 36777 121
36762 36778 297
36787 36830 117
36812 36861 290
36842 36876 137
36859 36906 182
36878 36912 164
36899 36913 55
36911 36913 19
36941 36986 49
36959 36965 23
36980 36996 117
37009 37028 90
37014 37061 190
37044 37073 119
37058 37100 152
37080 37120 192
37086 37132 183
37087 37095 179
37094 37103 146
37108 37127 146
37138 37156 83
37162 37176 211
37176 37217 285
37179 37181 66
37198 37223 241
37217 37227 63
37233 37283 233
37238 37245 277
37245 37265 184
37274 37295 101
37274 37275 277
37296 37345 269
37311 37357 208
37335 37384 300
37350 37379 52
37369 37397 40
37383 37418 199
37393 37415 101
37401 37413 299
37409 37452 163
37435 37476 46
37464 37488 124
37479 37487 46
37493 37502 161
37520 37540 106
37542 37547 94
37554 37571 243
37576 37616 129
37591 37624 192
37616 37621 24
37628 37673 58
37634 37658 122
37662 37694 247
37666 37693 263
37671 37710 253
37674 37697 221
37700 37725 187
37721 37726 189
37744 37788 95
37749 37766 111
37779 37785 64
37791 37796 107
37794 37813 120
37803 37816 149
37832 37873 105
37838 37864 61
37845 37863 193
37858 37868 221
37875 37878 53
37904 37935 124
37920 37970 228
37932 37967 258
37956 37957 157
37977 38014 279
37981 38021 136
37987 37992 294
37987 38035 217
38017 38040 63
38040 38068 163
38066 38075 18
38075 38085 107
38085 38104 285
38102 38152 31
38126 38174 299
38139 38186 158
38154 38192 280
38180 38214 122
38184 38218 260
38214 38229 93
38238 38272 7
38243 38246 125
38267 38305 143
38283 38319 291
38284 38328 290
38290 38292 10
38305 38354 197
38322 38339 216
38347 38352 83
38365 38368 267
38385 38430 268
38400 38425 4
38401 38421 191
38409 38444 236
38410 38430 85
38410 38415 66
38419 38430 106
38425 38439 9
38441 38451 284
38443 38483 237
38459 38470 113
38465 38496 284
38486 38530 148
38493 38539 264
38504 38540 208
38515 38529 186
38538 38569 194
38553 38597 271
38555 38571 32
38574 38601 93
38590 38615 196
38605 38619 117
38612 38624 61
38628 38677 200
38654 38692 72
38659 38672 74
38667 38696 241
38678 38715 46
38707 38709 111
38714 38730 42
38715 38737 1
38727 38767 58
38750 38758 149
38773 38820 17
38781 38797 18
38811 38850 9
38811 38818 203
38834 38864 178
38841 38843 187
38844 38859 164
38850 38872 27
38854 38904 7
38867 38881 138
38876 38884 214
38881 38893 42
38885 38919 52
38885 38928 264
38912 38915 145
38916 38948 117
38940 38957 274
38949 38958 42
38973 39002 30
38996 39002 154
38998 39029 193
39001 39035 200
39018 39019 151
39036 39081 140
39046 39090 69
39048 39070 219
39062 39112 93
39086 39127 167
39094 39095 97
39113 39124 33
39129 39175 146
39144 39162 266
39150 39188 33
39154 39167 144
39172 39175 222
39188 39236 46
39217 39225 194
39220 39234 18
39229 39241 82
39250 39280 299
39252 39271 246
39260 39296 50
39266 39279 291
39291 39334 274
39321 39342 141
39336 39345 138
39357 39385 281
39373 39405 291
39386 39429 133
39416 39463 113
39440 39469 84
39453 39478 179
39464 39513 127
39477 39511 144
39484 39504 151
39501 39546 190
39523 39538 251
39546 39553 67
39549 39579 25
39554 39575 175
39575 39585 216
39575 39596 214
39595 39609 136
39625 39651 139
39631 39636 9
39658 39666 230
39675 39716 6
39703 39739 160
39704 39750 167
39730 39757 130
39752 39754 38
39757 39798 208
39769 39774 225
39782 39786 54
39790 39798 222
39802 39810 97
39806 39837 139
39830 39862 239
39835 39874 105
39864 39883 118
39881 39900 229
39893 39917 280
39906 39950 52
39921 39947 8
39947 39969 300
39951 39979 224
39951 39983 129
39953 39961 44
39972 39993 106
40000 40028 143
40016 40064 71
40029 40042 78
40035 40082 219
40039 40059 13
40053 40060 98
40081 40090 292
40090 40100 99
40095 40108 46
40111 40149 262
40136 40186 13
40145 40164 6
40172 40220 117
40172 40200 230
40188 40230 235
40193 40224 171
40203 40219 121
40232 40247 45
40258 40267 268
40278 40301 4
40291 40302 55
40305 40309 149
40308 40330 263
40312 40352 43
40326 40332 194
40345 40377 72
40363 40374 153
40369 40381 182
40379 40386 273
40405 40435 59
40412 40432 37
40433 40455 9
40438 40484 54
40465 40469 163
40489 40515 9
40497 40516 295
40515 40547 278
40522 40530 277
40530 40565 204
40536 40584 43
40541 40571 123
40543 40559 242
40573 40579 231
40598 40617 54
40617 40666 124
40625 40656 94
40635 40640 36
40646 40649 241
40664 40700 38
40690 40691 38
40696 40723 261
40715 40728 124
40734 40758 158
40749 40799 127
40769 40771 35
40776 40818 160
40788 40831 202
40809 40838 261
40829 40860 292
40857 40907 59
40861 40896 10
40867 40888 8
40876 40907 222
40895 40908 32
40916 40947 201
40924 40930 271
40931 40967 133
40960 41003 83
40977 41022 30
41002 41042 269
41007 41008 266
41035 41036 153
41035 41047 248
41049 41073 71
41064 41101 8
41087 41090 277
41105 41126 94
41118 41148 71
41138 41170 140
41154 41163 10
41163 41187 219
41189 41212 91
41215 41229 247
41230 41253 189
41235 41278 59
41262 41275 83
41278 41321 168
41295 41307 55
41297 41318 244
41321 41370 175
41330 41345 137
41331 41342 262
41336 41382 173
41353 41364 96
41355 41370 40
41373 41407 78
41392 41401 65
41403 41413 190
41409 41415 135
41414 41458 180
41437 41482 186
41450 41469 267
41473 41515 48
41491 41506 293
41518 41527 232
41528 41561 151
41542 41588 74
41570 41584 207
41584 41623 172
41594 41618 61
41597 41605 278
41598 41602 112
41625 41639 63
41654 41682 211
41683 41716 121
41688 41732 54
41710 41711 295
41711 41746 56
41722 41752 286
41733 41768 7
41748 41789 187
41774 41780 211
41788 41804 164
41808 41852 149
41836 41884 78
41862 41901 102
41878 41925 47
41882 41891 212
41895 41931 203
41903 41915 180
41912 41913 167
41916 41928 19
41928 41943 142
41954 41973 119
41970 41972 33
41978 41990 73
41992 42040 194
42009 42058 19
42027 42063 57
42044 42048 234
42062 42086 247
42064 42087 134
42070 42079 35
42083 42098 44
42099 42105 18
42123 42144 187
42128 42135 101
42134 42175 274
42146 42160 33
42151 42187 171
42176 42214 115
42180 42206 94
42202 42225 88
42231 42260 48
42242 42268 229
42257 42264 177
42259 42284 53
42275 42297 96
42292 42312 9
42292 42335 56
42310 42312 241
42318 42349 153
42345 42371 93
42373 42407 68
42388 42397 69
42389 42424 141
42406 42441 297
42408 42413 294
42438 42472 197
42441 42475 194
42454 42479 263
42477 42509 41
42478 42488 247
42489 42539 290
42496 42509 201
42499 42513 98
42507 42549 264
42530 42577 79
42549 42551 33
42575 42588 268
42599 42606 78
42605 42655 43
42605 42607 151
42614 42651 282
42617 42625 171
42624 42641 91
42647 42695 249
42650 42660 148
42662 42685 17
42672 42680 296
42697 42745 200
42715 42757 218
42740 42755 20
42747 42770 58
42757 42779 191
42769 42779 287
42773 42812 300
42779 42782 81
42789 42796 11
42796 42827 281
42809 42835 81
42815 42822 237
42832 42850 213
42844 42861 130
42874 42886 218
42901 42947 137
42916 42961 281
42938 42972 92
42967 42969 134
42985 42994 153
42990 42997 6
43020 43033 134
43037 43052 59
43064 43112 109
43091 43109 32
43106 43116 101
43121 43169 104
43124 43130 276
43148 43183 203
43153 43202 24
43171 43179 144
43185 43200 269
43191 43205 32
43208 43241 89
43222 43258 252
43249 43269 90
43270 43285 289
43270 43291 211
43275 43324 260
43294 43318 249
43304 43352 212
43330 43376 221
43333 43348 297
43338 43343 236
43344 43377 36
43359 43379 64
43379 43387 67
43408 43445 147
43425 43443 137
43430 43458 18
43458 43462 75
43464 43505 111
43469 43475 246
43470 43484 284
43479 43512 136
43483 43499 138
43486 43514 134
43493 43509 295
43505 43511 213
43514 43517 182
43532 43542 209
43532 43546 164
43537 43570 223
43555 43580 200
43563 43603 266
43590 43624 17
43617 43662 192
43625 43628 211
43653 43665 239
43661 43668 30
43675 43688 70
43682 43717 234
43703 43738 253
43719 43751 223
43749 43786 55
43752 43766 140
43776 43792 278
43779 43815 138
43791 43833 270
43812 43822 231
43817 43821 300
43834 43869 87
43855 43885 275
43868 43880 29
43883 43902 240
43887 43918 122
43901 43931 107
43922 43960 213
43930 43932 28
43931 43978 261
43952 43999 45
43967 43999 163
43982 43987 223
43988 44011 160
44002 44032 98
44032 44074 95
44036 44055 261
44046 44053 119
44057 44062 72
44064 44067 30
44093 44127 182
44100 44115 105
44126 44143 8
44150 44181 175
44177 44191 5
44181 44189 50
44201 44247 269
44209 44236 240
44234 44240 197
44244 44282 71
44245 44286 223
44269 44283 119
44271 44295 217
44297 44320 208
44327 44363 208
44328 44369 284
44353 44369 243
44356 44405 201
44365 44398 182
44389 44412 56
44395 44409 245
44403 44424 293
44431 44441 70
44444 44479 93
44458 44492 161
44473 44510 249
44491 44514 217
44507 44533 89
44530 44568 111
44533 44534 291
44541 44567 230
44547 44594 44
44561 44571 10
44571 44597 30
44599 44615 176
44612 44621 157
44642 44681 244
44651 44665 286
44651 44693 66
44676 44692 70
44681 44691 25
44682 44696 192
44706 44753 287
44711 44759 9
44721 44757 148
44738 44752 204
44746 44763 174
44751 44776 87
44764 44814 253
44766 44781 58
44772 44782 237
44774 44810 34
44795 44834 263
44809 44811 290
44829 44868 257
44857 44884 7
44870 44876 152
44881 44905 211
44894 44922 282
44923 44942 165
44931 44951 13
44948 44967 27
44974 44996 179
44995 45025 260
45021 45026 299
45040 45067 252
45048 45083 173
45052 45077 39
45082 45124 168
45112 45149 41
45130 45162 291
45142 45149 50
45166 45194 241
45194 45238 133
45200 45247 164
45205 45221 215
45232 45237 218
45247 45253 284
45260 45265 35
45286 45304 16
45315 45329 212
45327 45337 270
45327 45363 155
45327 45335 185
45342 45385 35
45360 45391 131
45386 45430 84
45387 45406 135
45406 45422 191
45426 45456 239
45426 45444 260
45435 45440 76
45452 45488 88
45467 45492 219
45492 45496 62
45507 45533 43
45515 45535 243
45536 45563 253
45549 45579 209
45567 45609 194
45578 45579 97
45598 45641 229
45606 45620 32
45619 45636 181
45648 45690 198
45654 45680 130
45667 45676 15
45693 45727 218
45709 45710 165
45709 45727 28
45734 45763 183
45745 45762 235
45762 45795 265
45764 45780 250
45785 45830 276
45811 45841 202
45816 45865 149
45820 45850 196
45831 45880 211
45838 45847 5
45839 45854 258
45841 45860 110
45842 45892 182
45863 45876 6
45882 45889 154
45894 45908 270
45906 45943 106
45932 45966 231
45945 45995 203
45973 45978 93
45994 46004 106
45996 46006 187
46020 46049 39
46047 46075 7
46067 46097 118
46077 46115 218
46091 46133 117
46100 46111 133
46112 46149 80
46127 46130 274
46157 46182 19
46177 46195 289
46201 46228 200
46201 46243 244
46208 46209 196
46215 46252 113
46220 46247 25
46247 46255 291
46256 46305 9
46261 46290 187
46264 46289 143
46285 46314 213
46293 46314 215
46293 46333 228
46311 46360 10
46313 46343 100
46322 46369 182
46328 46375 263
46341 46388 76
46367 46408 137
46387 46411 209
46411 46429 58
46429 46451 17
46458 46459 44
46471 46516 209
46488 46494 232
46500 46544 82
46530 46536 171
46558 46567 244
46575 46604 83
46603 46604 162
46624 46662 86
46629 46656 250
46644 46649 113
46673 46698 165
46684 46703 133
46710 46737 56
46735 46745 10
46754 46769 154
46779 46829 12
46809 46838 80
46825 46862 133
46826 46842 295
46848 46890 254
46878 46918 263
46882 46884 253
46895 46896 125
46906 46909 181
46908 46954 198
46926 46932 160
46940 46983 61
46962 46994 219
46966 46978 27
46970 47019 139
46995 47030 272
47002 47027 130
47018 47019 218
47032 47042 14
47033 47079 40
47037 47064 258
47037 47072 78
47066 47078 113
47076 47087 14
47084 47092 86
47100 47104 267
47120 47152 177
47143 47176 68
47159 47187 200
47175 47184 221
47192 47201 35
47192 47227 172
47203 47227 56
47214 47240 58
47226 47247 101
47252 47284 109
47261 47281 70
47269 47280 66
47269 47289 188
47292 47319 146
47303 47333 39
47320 47342 266
47334 47364 83
47356 47377 168
47364 47376 242
47390 47413 28
47404 47414 2
47411 47430 274
47412 47430 163
47431 47463 137
47461 47462 257
47482 47515 69
47492 47541 66
47493 47524 70
47503 47552 10
47512 47534 118
47539 47566 42
47549 47561 59
47562 47595 163
47562 47572 65
47565 47588 239
47590 47595 84
47605 47618 61
47619 47626 149
47644 47653 300
47662 47704 267
47666 47693 234
47667 47706 46
47671 47672 239
47683 47719 218
47701 47739 126
47719 47765 37
47742 47782 79
47767 47797 71
47786 47834 43
47798 47845 230
47807 47842 122
47835 47852 214
47861 47911 245
47888 47908 279
47890 47904 190
47891 47917 273
47905 47917 55
47919 47946 188
47931 47939 68
47953 47961 116
47957 47962 235
47967 47969 81
47985 48022 24
48012 48019 153
48012 48043 126
48013 48014 289
48035 48059 204
48047 48063 104
48047 48070 99
48077 48108 5
48085 48117 144
48086 48108 117
48090 48140 225
48099 48123 262
48107 48134 214
48111 48152 93
48134 48146 291
48136 48177 114
48157 48195 144
48157 48163 23
48169 48178 102
48193 48241 212
48211 48261 273
48221 48271 231
48229 48236 116
48252 48279 247
48258 48292 161
48265 48270 183
48290 48312 260
48300 48303 202
48308 48357 2
48335 48339 209
48353 48391 171
48382 48415 289
48395 48415 155
48422 48464 18
48437 48451 10
48458 48481 58
48472 48482 1
48475 48510 24
48501 48540 72
48507 48550 6
48533 48552 188
48541 48558 6
48549 48550 265
48557 48563 19
48570 48587 182
48598 48640 257
48611 48650 295
48628 48666 87
48628 48655 244
48649 48656 51
48659 48676 132
48660 48694 177
48675 48702 60
48677 48724 126
48683 48709 120
48689 48690 45
48703 48741 112
48708 48734 111
48734 48767 197
48743 48758 116
48764 48780 166
48767 48773 94
48791 48840 230
48802 48839 107
48806 48848 108
48807 48834 3
48807 48808 139
48809 48847 203
48812 48826 243
48829 48858 188
48852 48864 29
48855 48885 166
48885 48927 250
48895 48902 207
48909 48952 71
48938 48965 38
48943 48975 50
48969 48997 152
48992 48995 75
49020 49031 145
49044 49047 87
49054 49058 67
49062 49108 255
49064 49076 30
49078 49121 111
49105 49128 187
49123 49147 185
49134 49155 89
49163 49170 86
49167 49179 11
49178 49228 113
49208 49257 150
49224 49244 276
49253 49263 142
49276 49291 143
49301 49311 232
49325 49333 157
49333 49373 71
49344 49355 38
49360 49405 73
49373 49400 156
49394 49406 239
49424 49464 49
49448 49493 275
49457 49462 222
49483 49528 58
49512 49514 164
49537 49574 277
49545 49546 208
49561 49599 144
49572 49597 137
49602 49641 300
49605 49640 250
49623 49647 267
49632 49646 97
49635 49637 15
49648 49656 52
49669 49683 83
49686 49719 285
49694 49709 222
49700 49747 112
49717 49736 224
49746 49792 213
49767 49796 214
49786 49814 275
49804 49851 98
49811 49824 19
49819 49844 34
49829 49846 209
49838 49883 269
49868 49883 59
49888 49907 5
49902 49951 121
49907 49910 145
49919 49941 150
49941 49961 249
49964 49971 67
49966 50001 228
49982 50029 197
49992 50000 24
49999 50038 159
50006 50040 209
50018 50061 104
50047 50093 291
50063 50087 212
50072 50090 271
50076 50093 257
50089 50107 44
50119 50154 287
50120 50147 31
50124 50133 283
50127 50168 258
50146 50168 28
50168 50193 139
50177 50222 41
50199 50210 263
50201 50203 101
50213 50259 242
50214 50243 283
50226 50265 165
50228 50267 103
50247 50265 72
50270 50315 82
50287 50327 216
50288 50298 136
50304 50314 223
50308 50347 272
50318 50337 38
50340 50372 85
50348 50362 41
50348 50386 84
50354 50388 157
50376 50423 17
50399 50422 163
50403 50427 159
50408 50412 191
50417 50431 203
50425 50449 262
50445 50452 75
50464 50476 172
50465 50506 180
50488 50538 245
50511 50559 261
50528 50564 222
50528 50566 4
50549 50596 140
50569 50587 49
50582 50615 31
50611 50643 100
50625 50636 94
50626 50656 281
50635 50656 158
50658 50694 207
50677 50687 156
50690 50736 297
50710 50750 92
50726 50776 245
50741 50742 124
50760 50777 131
50781 50792 37
50804 50807 213
50828 50854 276
50849 50865 10
50851 50864 153
50862 50883 120
50863 50890 106
50873 50886 35
50894 50935 68
50907 50932 120
50909 50959 183
50909 50932 173
50929 50952 97
50934 50954 224
50955 50970 137
50978 51022 293
50989 50998 64
51015 51053 298
51027 51075 253
51036 51078 39
51043 51070 285
51056 51073 212
51068 51109 40
51089 51118 290
51107 51153 235
51112 51149 128
51121 51124 44
51140 51171 59
51141 51186 178
51152 51170 132
51159 51170 79
51163 51201 300
51184 51188 87
51210 51253 261
51233 51248 18
51247 51270 185
51249 51252 251
51266 51290 77
51280 51288 116
51284 51334 43
51312 51346 30
51339 51373 34
51351 51376 26
51381 51393 215
51405 51433 296
51407 51433 258
51414 51443 205
51419 51459 196
51447 51467 167
51456 51471 97
51481 51501 68
51498 51536 209
51514 51563 156
51542 51569 156
51555 51574 99
51560 51598 275
51585 51587 197
51585 51631 60
51585 51626 73
51612 51647 147
51637 51657 19
51665 51676 295
51681 51690 11
51702 51725 160
51728 51741 220
51745 51793 260
51762 51808 169
51765 51780 162
51774 51790 112
51804 51831 78
51829 51838 73
51837 51870 173
51847 51873 190
51857 51861 117
51881 51884 253
51910 51917 67
51929 51972 134
51936 51956 8
51957 51976 201
51986 52002 150
51989 52036 147
52010 52017 7
52018 52021 140
52032 52043 158
52042 52046 155
52051 52052 63
52076 52119 179
52083 52111 276
52111 52157 217
52139 52153 128
52153 52167 111
52160 52199 300
52168 52177 252
52190 52193 226
52205 52234 143
52226 52256 284
52234 52263 286
52245 52256 48
52275 52278 169
52280 52281 43
52302 52347 44
52311 52358 163
52319 52367 82
52328 52357 290
52334 52359 73
52343 52379 118
52348 52373 93
52369 52390 263
52396 52429 165
52425 52427 138
52432 52463 234
52453 52483 125
52477 52498 129
52481 52482 18
52509 52558 36
52514 52549 148
52529 52560 86
52557 52604 222
52571 52597 164
52577 52594 56
52597 52617 194
52619 52653 102
52641 52675 94
52655 52693 240
52675 52709 23
52677 52710 171
52698 52713 268
52723 52759 201
52740 52760 210
52759 52797 227
52762 52786 231
52765 52768 264
52769 52801 280
52781 52785 140
52809 52817 64
52825 52832 108
52851 52889 215
52874 52875 42
52887 52932 2
52892 52934 250
52905 52949 261
52926 52938 9
52938 52969 167
52966 52984 164
52990 53017 192
53008 53014 295
53023 53031 85
53032 53039 148
53033 53045 164
53047 53058 121
53063 53101 110
53080 53116 266
53107 53130 103
53125 53169 114
53126 53140 250
53136 53164 295
53136 53178 230
53143 53177 154
53146 53180 289
53174 53213 195
53193 53212 268
53194 53222 48
53206 53242 288
53206 53220 41
53232 53274 267
53239 53266 152
53252 53253 108
53278 53285 104
53284 53312 77
53306 53311 217
53319 53345 116
53331 53338 281
53358 53368 15
53377 53412 265
53401 53438 239
53418 53455 23
53421 53434 33
53447 53457 283
53467 53469 115
53482 53496 162
53491 53540 56
53502 53540 272
53523 53558 20
53531 53573 166
53533 53546 110
53534 53564 219
53544 53549 93
53568 53569 35
53584 53614 112
53588 53619 81
53613 53621 170
53625 53658 26
53650 53666 295
53657 53685 238
53679 53728 12
53681 53682 26
53694 53695 49
53714 53733 21
53741 53762 117
53770 53819 267
53784 53799 118
53787 53815 21
53798 53805 240
53821 53838 276
53824 53833 232
53836 53857 72
53854 53870 223
53868 53916 80
53880 53925 152
53891 53898 4
53900 53914 199
53929 53975 89
53932 53942 130
53955 53961 52
53955 53972 59
53964 54011 8
53990 54017 288
54011 54038 177
54031 54040 294
54058 54090 252
54074 54084 158
54100 54131 61
54109 54118 102
54139 54160 46
54151 54155 32
54162 54205 28
54176 54179 152
54196 54202 24
54205 54255 104
54218 54230 203
54225 54269 58
54244 54290 283
54253 54286 165
54271 54321 287
54297 54333 71
54324 54331 39
54328 54360 94
54333 54345 142
54344 54345 116
54357 54407 4
54371 54397 207
54399 54407 216
54425 54456 157
54454 54463 143
54476 54477 59
54482 54501 72
54511 54528 80
54521 54559 22
54537 54567 281
54549 54596 21
54561 54587 137
54584 54628 190
54613 54618 27
54639 54651 274
54654 54668 186
54679 54691 100
54685 54705 81
54696 54707 257
54721 54755 39
54745 54791 71
54771 54818 29
54797 54831 155
54797 54811 156
54797 54822 162
54818 54848 61
54848 54872 46
54849 54855 245
54860 54910 241
54863 54907 125
54876 54881 233
54888 54900 258
54904 54949 197
54930 54951 167
54943 54961 162
54947 54977 147
54971 55002 19
55000 55023 16
55019 55046 94
55037 55069 290
55044 55054 298
55054 55086 100
55082 55116 21
55106 55141 90
55114 55138 69
55124 55172 275
55149 55152 157
55173 55223 155
55185 55189 199
55207 55225 10
55233 55245 155
55261 55269 126
55281 55312 181
55307 55331 294
55318 55368 158
55348 55369 47
55374 55406 128
55389 55406 277
55419 55447 9
55443 55452 274
55463 55500 114
55484 55514 297
55506 55543 139
55523 55544 258
55526 55566 10
55544 55550 186
55555 55605 208
55576 55593 210
55576 55590 57
55596 55608 8
55609 55655 276
55617 55663 177
55630 55656 128
55660 55693 106
55689 55708 225
55713 55718 30
55739 55786 74
55743 55776 114
55749 55772 281
55754 55778 183
55756 55789 195
55757 55773 274
55779 55793 254
55800 55817 108
55826 55844 100
55856 55874 60
55880 55902 149
55895 55924 237
55911 55944 27
55913 55924 75
55939 55967 235
55951 55961 122
55975 55999 197
55983 56033 11
56001 56016 203
56003 56053 134
56029 56066 254
56039 56079 185
56057 56089 84
56085 56105 89
56090 56131 204
56102 56122 261
56107 56124 61
56110 56130 248
56113 56144 29
56138 56170 24
56143 56181 293
56170 56194 193
56198 56240 165
56202 56235 256
56213 56254 168
56233 56261 127
56253 56298 129
56264 56305 260
56273 56293 58
56302 56320 60
56327 56341 284
56336 56383 181
56349 56366 135
56352 56361 299
56381 56429 291
56411 56435 251
56425 56466 178
56435 56444 202
56453 56479 258
56476 56478 76
56505 56541 223
56527 56574 217
56531 56538 112
56548 56565 292
56566 56594 17
56594 56624 56
56605 56649 47
56616 56633 262
56629 56667 35
56645 56670 273
56654 56689 103
56668 56699 261
56676 56720 124
56704 56740 72
56721 56750 103
56732 56745 166
56756 56758 5
56781 56791 260
56811 56843 281
56822 56851 286
56844 56862 296
56858 56861 185
56885 56924 216
56898 56936 63
56899 56934 173
56907 56956 150
56915 56925 146
56928 56946 27
56941 56971 273
56945 56974 131
56975 56977 79
56999 57037 23
57027 57076 2
57036 57068 274
57065 57083 163
57073 57088 164
57095 57131 112
57118 57147 289
57133 57160 43
57158 57168 294
57187 57189 262
57187 57217 106
57216 57254 71
57218 57265 128
57222 57241 297
57241 57252 208
57253 57286 276
57262 57273 130
57291 57322 246
57295 57340 30
57316 57343 151
57319 57332 80
57334 57384 293
57345 57393 4
57364 57386 299
57385 57402 212
57401 57411 261
57420 57452 160
57443 57450 206
57465 57494 186
57494 57535 9
57522 57531 32
57537 57581 17
57538 57543 231
57545 57579 210
57556 57593 135
57569 57604 149
57571 57591 209
57581 57624 94
57593 57612 215
57599 57626 98
57599 57631 204
57618 57651 236
57619 57669 104
57622 57630 292
57637 57657 111
57662 57697 76
57671 57702 135
57675 57708 269
57705 57743 281
57725 57734 115
57727 57775 78
57740 57758 185
57756 57785 120
57769 57783 275
57793 57810 30
57795 57814 108
57813 57817 139
57815 57851 256
57841 57846 78
57857 57862 167
57879 57895 42
57890 57909 282
57914 57949 120
57914 57932 127
57925 57946 39
57952 57998 111
57967 58001 298
57980 58003 173
57999 58022 15
58000 58030 300
58030 58046 100
58051 58096 232
58062 58065 107
58074 58123 9
58092 58131 170
58121 58141 283
58137 58139 213
58151 58170 81
58160 58162 139
58162 58179 178
58177 58178 113
58190 58224 113
58210 58212 162
58238 58279 198
58242 58248 216
58259 58281 228
58283 58304 164
58297 58345 255
58313 58355 209
58333 58349 63
58361 58411 189
58361 58390 120
58385 58426 158
58386 58427 252
58401 58434 171
58422 58443 167
58440 58486 248
58448 58485 46
58455 58496 253
58460 58495 146
58464 58513 257
58490 58529 141
58512 58558 92
58524 58560 3
58542 58552 115
58546 58576 60
58551 58589 279
58573 58613 270
58575 58598 292
58592 58612 75
58608 58652 120
58637 58671 288
58651 58689 286
58664 58701 280
58666 58685 20
58667 58693 109
58692 58699 197
58709 58710 286
58713 58745 34
58729 58769 191
58737 58771 113
58747 58796 35
58765 58788 212
58770 58813 283
58792 58807 72
58818 58867 6
58818 58820 1
58840 58853 52
58861 58907 191
58871 58893 153
58890 58905 110
58913 58924 32
58917 58958 79
58923 58961 278
58949 58974 103
58979 58986 155
59005 59039 105
59032 59065 247
59037 59039 116
59067 59073 42
59081 59123 71
59096 59116 181
59120 59135 105
59132 59148 107
59138 59161 286
59145 59186 285
59166 59210 11
59180 59208 34
59199 59209 204
59229 59279 174
59257 59291 226
59276 59283 188
59301 59313 184
59306 59356 228
59330 59350 285
59351 59370 191
59378 59406 240
59386 59399 86
59386 59426 54
59405 59447 255
59425 59427 168
59450 59465 296
59469 59475 267
59470 59477 147
59478 59519 276
59490 59517 153
59505 59514 167
59515 59537 257
59528 59566 37
59544 59575 122
59567 59572 278
59595 59639 300
59600 59640 37
59612 59638 36
59622 59660 211
59636 59670 10
59642 59649 60
59648 59675 125
59670 59675 73
59682 59732 50
59702 59722 71
59721 59755 189
59739 59775 139
59766 59802 93
59796 59829 47
59819 59846 41
59822 59836 137
59848 59876 18
59855 59880 254
59867 59901 251
59870 59875 217
59886 59906 81
59904 59913 218
59928 59959 41
59935 59982 267
59954 59983 192
59963 59983 121
59974 59991 250
59976 60001 282
59984 60016 2
59986 60001 17
59996 60021 132
60007 60052 158
60027 60037 290
60027 60051 18
60045 60075 212
60057 60091 209
60082 60127 102
60095 60116 37
60118 60121 102
60133 60153 186
60162 60210 69
60178 60218 82
60184 60234 299
60189 60215 6
60208 60219 30
60229 60262 168
60241 60263 281
60263 60311 77
60270 60278 250
60290 60325 32
60316 60322 176
60325 60363 244
60330 60360 234
60341 60349 254
60370 60390 56
60388 60403 81
60398 60432 155
60423 60459 66
60426 60461 94
60437 60443 236
60440 60489 108
60457 60506 50
60468 60481 249
60488 60509 214
60491 60520 135
60509 60530 253
60515 60528 290
60521 60563 276
60529 60543 181
60544 60575 24
60551 60577 74
60557 60596 250
60576 60611 121
60601 60640 186
60615 60629 188
60629 60662 225
60658 60705 184
60684 60714 71
60697 60739 205
60713 60718 166
60714 60721 277
60740 60779 210
60744 60791 148
60770 60778 32
60785 60831 109
60807 60852 170
60812 60821 164
60833 60838 297
60846 60891 100
60847 60888 40
60859 60882 288
60865 60880 56
60888 60908 175
60894 60907 261
60894 60907 210
60908 60909 276
60911 60914 190
60934 60968 264
60947 60996 104
60948 60949 152
60963 60986 104
60970 61015 63
60981 61031 75
60996 61020 20
60998 60999 59
61023 61054 233
61028 61050 52
61031 61081 295
61061 61108 72
61091 61103 230
61096 61101 266
61102 61149 127
61120 61165 229
61147 61174 31
61177 61189 2
61205 61222 92
61210 61252 278
61216 61258 111
61228 61276 224
61235 61266 62
61247 61272 136
61257 61307 261
61274 61278 159
61279 61296 161
61279 61287 242
61280 61329 209
61288 61316 94
61300 61324 246
61303 61340 168
61322 61325 256
61337 61360 96
61349 61377 243
61360 61383 247
61371 61377 75
61387 61407 164
61417 61424 274
61429 61435 42
61439 61487 104
61441 61459 111
61461 61476 46
61478 61500 254
61497 61503 125
61521 61545 235
61529 61544 118
61557 61572 228
61585 61606 6
61606 61611 66
61634 61664 22
61657 61677 13
61671 61678 161
61680 61692 68
61700 61702 144
61703 61726 275
61704 61738 217
61717 61719 109
61743 61764 221
61770 61784 196
61789 61799 166
61809 61852 251
61829 61840 286
61840 61868 100
61868 61913 177
61881 61912 177
61883 61911 111
61884 61898 287
61907 61950 58
61937 61981 231
61953 61997 2
61972 62006 220
61975 62020 52
61975 62023 197
61988 62028 283
61992 62006 271
62017 62034 100
62018 62066 42
62023 62062 9
62033 62039 230
62048 62059 76
62075 62087 62
62075 62081 157
62103 62110 71
62129 62147 293
62144 62191 182
62170 62210 193
62175 62194 69
62178 62213 58
62207 62208 209
62227 62271 191
62243 62249 54
62270 62315 82
62278 62279 113
62279 62286 71
62291 62327 147
62302 62332 66
62318 62347 108
62331 62333 250
62348 62388 114
62370 62404 120
62381 62425 138
62395 62410 175
62406 62419 115
62433 62454 285
62440 62463 266
62467 62505 65
62478 62492 48
62485 62508 114
62497 62529 87
62527 62577 254
62541 62564 106
62551 62576 296
62568 62578 263
62586 62631 246
62608 62636 270
62630 62647 282
62631 62661 246
62633 62650 297
62636 62637 78
62652 62675 295
62668 62712 204
62690 62708 83
62702 62746 110
62723 62744 269
62751 62793 228
62757 62807 85
62781 62829 104
62788 62799 151
62800 62830 31
62819 62858 245
62831 62860 241
62860 62906 258
62890 62921 21
62902 62946 136
62929 62933 22
62937 62953 189
62961 62978 37
62976 63014 294
63001 63013 85
63031 63032 150
63037 63065 263
63063 63091 78
63088 63104 14
63090 63108 177
63093 63131 143
63095 63134 84
63119 63157 26
63128 63178 28
63157 63169 267
63168 63210 287
63180 63188 53
63193 63199 256
63201 63202 79
63224 63249 69
63240 63261 190
63268 63290 102
63288 63334 254
63314 63348 60
63322 63334 283
63325 63334 293
63340 63356 81
63349 63398 192
63374 63416 186
63378 63379 40
63378 63407 144
63399 63434 79
63424 63439 126
63450 63498 76
63453 63503 91
63467 63517 299
63471 63492 191
63494 63505 241
63500 63515 166
63507 63525 259
63516 63561 31
63531 63551 156
63549 63550 35
63562 63567 203
63572 63587 99
63599 63610 99
63626 63653 20
63638 63667 41
63638 63643 210
63661 63676 119
63673 63678 174
63694 63744 258
63713 63725 218
63726 63734 277
63753 63767 253
63761 63786 44
63770 63815 299
63795 63839 64
63806 63836 282
63822 63871 164
63844 63873 284
63870 63880 8
63874 63890 143
63889 63924 51
63911 63940 76
63912 63958 142
63921 63971 214
63942 63976 177
63970 63996 103
63989 64025 7
64014 64049 131
64027 64073 3
64030 64068 13
64045 64085 208
64060 64092 283
64071 64119 222
64088 64093 148
64102 64107 162
64119 64155 57
64135 64180 88
64146 64162 8
64172 64221 202
64194 64215 59
64207 64236 187
64213 64224 21
64233 64257 75
64244 64263 56
64266 64289 58
64275 64311 69
64286 64306 84
64301 64311 119
64324 64329 263
64347 64379 62
64371 64395 82
64386 64387 101
64392 64412 197
64403 64431 131
64407 64439 93
64426 64457 282
64442 64456 281
64444 64460 108
64469 64484 241
64498 64519 100
64522 64568 298
64523 64570 5
64547 64591 135
64555 64605 78
64559 64599 170
64580 64597 224
64587 64620 268
64615 64639 79
64630 64645 189
64633 64663 246
64644 64654 181
64658 64690 155
64673 64700 175
64687 64726 161
64711 64748 55
64738 64774 38
64766 64815 245
64771 64820 284
64782 64804 108
64787 64807 115
64796 64818 60
64812 64840 5
64820 64849 220
64828 64849 254
64844 64852 193
64873 64910 75
64901 64926 110
64912 64925 231
64917 64942 161
64927 64962 165
64933 64937 163
64956 64987 82
64980 64982 175
64982 64985 53
64996 65008 256
65000 65012 262
65025 65065 124
65028 65078 83
65035 65075 41
65055 65097 87
65070 65094 289
65092 65103 145
65092 65136 110
65099 65139 192
65118 65166 222
65139 65150 248
65157 65169 247
65164 65209 249
65190 65223 218
65202 65249 280
65213 65245 186
65218 65243 47
65218 65259 155
65246 65286 193
65265 65280 96
65282 65329 246
65296 65341 96
65314 65339 131
65337 65343 57
65366 65382 2
65367 65381 52
65369 65405 120
65377 65416 260
65382 65392 32
65401 65448 268
65412 65437 264
65419 65437 121
65422 65470 102
65452 65453 8
65474 65518 110
65475 65505 167
65497 65511 196
65509 65520 109
65538 65580 189
65562 65607 11
65582 65631 185
65585 65625 47
65595 65604 57
65608 65634 274
65614 65664 38
65636 65677 28
65661 65688 33
65682 65718 286
65703 65712 44
65732 65750 193
65732 65752 19
65739 65742 188
65745 65771 171
65765 65800 290
65772 65776 53
65780 65790 40
65807 65852 253
65822 65826 191
65835 65844 178
65842 65856 245
65863 65883 126
65873 65916 156
65902 65945 146
65928 65966 59
65953 65986 277
65960 66002 90
65987 66008 9
66014 66019 237
66032 66042 111
66045 66078 211
66054 66055 78
66070 66072 225
66081 66123 92
66108 66152 215
66113 66122 239
66123 66169 138
66148 66166 253
66172 66201 170
66194 66232 219
66217 66239 239
66218 66223 286
66238 66272 67
66265 66296 91
66295 66335 150
66325 66327 207
66350 66379 206
66358 66362 91
66377 66383 298
66377 66380 40
66400 66441 18
66430 66449 172
66457 66462 134
66478 66526 227
66490 66534 295
66507 66520 128
66509 66541 39
66518 66526 34
66543 66561 27
66553 66579 205
66577 66608 234
66582 66629 228
66608 66648 143
66617 66624 256
66636 66676 185
66653 66685 86
66659 66694 186
66687 66691 97
66714 66737 276
66728 66740 65
66743 66749 154
66772 66804 196
66798 66802 2
66819 66843 11
66822 66870 107
66832 66852 248
66837 66884 175
66840 66865 149
66851 66854 222
66865 66876 230
66889 66924 125
66909 66947 61
66931 66963 289
66934 66963 32
66938 66953 102
66956 66975 193
66959 66962 108
66980 66981 2
66999 67045 101
67026 67059 12
67052 67065 269
67080 67129 284
67095 67106 86
67118 67138 280
67132 67158 138
67159 67162 226
67189 67192 45
67201 67226 288
67219 67268 279
67238 67265 133
67247 67280 142
67249 67258 242
67273 67293 50
67277 67305 274
67291 67306 146
67295 67300 281
67322 67348 247
67348 67362 54
67374 67417 279
67381 67400 200
67383 67422 5
67395 67423 53
67422 67468 14
67426 67457 230
67437 67473 106
67449 67452 152
67479 67512 29
67487 67522 24
67504 67512 12
67507 67550 237
67524 67547 179
67524 67564 237
67554 67597 219
67574 67623 154
67604 67612 146
67632 67640 42
67660 67688 220
67679 67724 39
67696 67741 298
67712 67755 206
67715 67734 221
67735 67766 172
67740 67743 170
67755 67790 124
67779 67781 210
67808 67842 121
67834 67880 271
67842 67847 129
67854 67887 13
67855 67886 109
67863 67870 168
67887 67910 206
67892 67935 49
67914 67920 103
67915 67947 180
67931 67947 171
67945 67994 284
67972 68009 290
67992 68041 204
67997 68047 295
68007 68021 200
68020 68024 207
68023 68032 99
68045 68070 216
68060 68079 30
68065 68078 92
68088 68093 14
68094 68109 59
68109 68139 72
68130 68144 150
68156 68162 61
68182 68207 59
68188 68234 237
68201 68223 83
68225 68234 215
68227 68241 122
68240 68257 298
68258 68276 88
68278 68286 151
68284 68298 98
68287 68309 32
68291 68335 159
68308 68309 296
68314 68362 229
68317 68324 119
68331 68362 297
68354 68394 43
68357 68371 193
68387 68418 28
68417 68460 231
68441 68467 237
68461 68480 132
68481 68495 44
68490 68504 118
68495 68534 91
68511 68555 37
68536 68584 14
68541 68559 263
68548 68552 173
68565 68614 233
68570 68589 85
68579 68611 206
68607 68613 153
68635 68682 175
68644 68690 254
68667 68693 234
68695 68737 228
68706 68747 33
68726 68761 127
68754 68770 141
68768 68807 291
68773 68818 10
68778 68807 257
68782 68814 89
68790 68831 196
68802 68842 107
68824 68866 63
68842 68879 270
68842 68854 159
68872 68888 136
68883 68904 65
68891 68896 183
68892 68905 112
68913 68957 2
68931 68972 142
68946 68975 70
68961 69005 40
68990 69032 209
69015 69043 294
69038 69081 142
69050 69070 254
69056 69097 48
69086 69131 278
69090 69098 4
69117 69130 91
69130 69172 122
69142 69162 261
69170 69171 87
69196 69237 61
69224 69252 33
69245 69293 36
69253 69291 182
69266 69315 255
69290 69326 25
69317 69345 164
69319 69359 225
69323 69341 141
69335 69359 94
69353 69365 174
69369 69400 71
69380 69384 168
69394 69398 33
69424 69430 32
69441 69453 226
69447 69467 37
69450 69483 145
69454 69487 257
69474 69488 196
69474 69480 113
69495 69503 114
69519 69521 227
69521 69543 224
69522 69547 34
69543 69546 93
69547 69557 167
69576 69608 162
69593 69595 68
69615 69621 44
69631 69671 4
69642 69669 78
69660 69700 58
69687 69700 231
69709 69752 178
69733 69776 131
69740 69758 112
69742 69789 82
69759 69801 129
69759 69787 231
69761 69794 105
69775 69824 164
69776 69803 38
69781 69801 54
69792 69821 217
69803 69845 72
69803 69825 125
69807 69810 152
69827 69859 245
69850 69883 61
69869 69912 252
69891 69938 188
69892 69925 213
69913 69947 228
69914 69924 280
69914 69934 9
69929 69944 201
69953 69988 81
69957 70002 121
69980 70021 55
69989 70004 74
70015 70038 274
70020 70045 239
70034 70044 98
70036 70043 162
70037 70081 138
70056 70081 299
70073 70084 192
70083 70109 57
70089 70112 229
70105 70120 109
70118 70128 266
70123 70152 76
70123 70133 109
70145 70181 258
70146 70193 284
70174 70202 78
70187 70227 67
70194 70212 133
70221 70248 215
70247 70273 144
70268 70289 232
70295 70308 225
70309 70333 6
70326 70352 116
70341 70356 154
70358 70377 246
70388 70434 213
70413 70442 60
70427 70447 291
70438 70445 215
70454 70477 209
70466 70502 121
70466 70482 178
70476 70491 148
70479 70484 47
70503 70512 287
70512 70524 244
70527 70533 171
70554 70578 69
70564 70595 110
70578 70584 224
70597 70611 233
70615 70621 58
70626 70646 231
70649 70652 78
70666 70674 217
70684 70732 31
70686 70730 122
70692 70735 214
70717 70752 163
70747 70766 249
70757 70784 23
70787 70814 219
70787 70808 20
70814 70848 28
70830 70872 283
70841 70874 141
70848 70890 157
70851 70895 268
70855 70870 89
70857 70897 50
70881 70929 284
70911 70934 70
70911 70946 70
70918 70934 276
70936 70983 108
70940 70955 224
70945 70965 81
70969 71013 148
70989 71038 144
71014 71045 107
71025 71029 118
71035 71066 266
71035 71048 153
71048 71058 165
71056 71106 28
71072 71077 9
71076 71114 110
71081 71124 300
71106 71149 153
71126 71137 235
71128 71177 9
71157 71171 89
71182 71212 220
71205 71236 9
71220 71231 39
71249 71266 295
71277 71321 164
71283 71307 225
71308 71353 169
71321 71366 234
71321 71354 71
71345 71382 127
71368 71385 21
71397 71435 111
71397 71401 182
71412 71429 300
71442 71484 262
71467 71512 227
71480 71525 282
71485 71499 241
71506 71533 225
71524 71569 132
71528 71538 293
71548 71579 106
71561 71574 153
71567 71596 227
71567 71598 148
71592 71598 94
71608 71631 82
71633 71636 280
71635 71650 285
71655 71678 89
71658 71670 230
71679 71702 282
71690 71705 39
71715 71745 234
71720 71721 70
71750 71795 154
71767 71779 180
71781 71789 222
71786 71824 34
71810 71838 18
71812 71842 167
71834 71881 49
71851 71871 157
71856 71883 24
71863 71874 44
71877 71888 145
71892 71904 233
71913 71947 64
71932 71956 222
71940 71969 274
71961 71962 223
71962 71984 5
71988 72026 117
72004 72016 236
72027 72047 78
72036 72055 196
72038 72065 35
72063 72094 90
72071 72101 172
72080 72109 104
72086 72099 54
72092 72102 146
72122 72156 236
72140 72175 112
72150 72172 151
72152 72199 25
72171 72184 137
72186 72206 210
72189 72211 178
72193 72240 147
72219 72221 180
72246 72265 276
72269 72309 93
72282 72294 167
72305 72312 272
72314 72336 67
72326 72339 189
72330 72342 26
72349 72376 270
72362 72367 159
72381 72425 12
72394 72439 266
72401 72405 126
72431 72466 180
72450 72464 298
72471 72520 292
72489 72509 57
72508 72554 213
72514 72529 36
72526 72566 282
72533 72572 267
72535 72579 270
72535 72572 157
72553 72600 65
72573 72591 120
72587 72592 283
72599 72644 294
72625 72665 181
72629 72676 291
72643 72680 76
72667 72698 6
72693 72720 295
72712 72746 168
72718 72757 102
72738 72758 257
72738 72742 202
72744 72760 72
72766 72802 185
72772 72789 1
72790 72829 50
72808 72815 29
72811 72828 276
72839 72843 21
72858 72885 11
72865 72871 104
72867 72887 25
72895 72912 39
72913 72939 186
72918 72928 286
72926 72938 16
72927 72949 205
72943 72991 177
72972 72975 261
72975 72977 203
72987 72997 85
72997 73000 146
73002 73043 290
73018 73049 46
73042 73074 242
73042 73069 10
73051 73089 292
73067 73087 297
73084 73124 279
73099 73136 277
73099 73107 233
73116 73151 44
73134 73158 292
73157 73166 228
73168 73184 256
73172 73190 21
73201 73228 138
73216 73239 2
73221 73259 74
73232 73267 199
73246 73277 8
73252 73301 244
73276 73284 257
73288 73303 9
73310 73329 290
73315 73359 297
73325 73336 15
73341 73391 21
73358 73386 279
73377 73417 105
73406 73412 206
73418 73428 201
73440 73490 9
73459 73486 67
73463 73498 188
73468 73481 158
73496 73524 83
73514 73518 96
73528 73538 144
73551 73553 56
73574 73596 37
73582 73596 61
73589 73611 142
73602 73617 261
73616 73621 212
73622 73658 130
73642 73656 82
73652 73665 254
73682 73727 80
73702 73703 146
73709 73735 89
73722 73756 16
73740 73789 223
73743 73763 276
73762 73770 99
73785 73800 92
73810 73854 169
73832 73881 239
73854 73878 133
73876 73886 24
73906 73918 22
73935 73944 95
73964 73979 173
73993 74004 209
74004 74026 278
74006 74039 41
74030 74078 68
74049 74080 254
74059 74099 133
74088 74111 209
74106 74140 102
74129 74162 22
