5000
20 35 228
26 35 104
52 58 219
74 95 182
95 120 72
114 157 267
140 142 67
148 193 222
176 226 100
194 211 226
213 218 204
213 223 282
243 249 155
264 289 9
281 302 224
304 332 144
333 366 134
340 345 31
362 384 96
392 426 133
415 433 30
436 443 165
436 456 80
450 476 128
474 506 261
485 515 114
510 517 201
530 548 172
535 548 156
563 569 234
582 589 225
587 622 262
588 603 17
588 618 223
589 626 53
608 611 29
617 640 44
631 637 292
659 708 245
681 717 268
698 743 285
710 730 18
731 778 101
735 783 169
755 804 65
769 818 216
771 773 274
800 814 252
824 870 85
834 839 115
861 906 281
885 934 29
907 934 100
917 924 240
939 980 188
968 1014 145
990 1001 224
1015 1029 194
1028 1076 300
1028 1078 284
1049 1057 225
1076 1079 2
1095 1145 80
1108 1138 146
1117 1119 214
1124 1171 125
1146 1156 42
1147 1148 251
1165 1188 122
1174 1176 236
1192 1211 119
1202 1237 240
1228 1273 125
1257 1262 3
1282 1312 83
1307 1352 271
1319 1338 203
1340 1375 98
1341 1373 11
1368 1375 293
1369 1384 292
1372 1418 265
1388 1429 128
1418 1452 221
1444 1485 185
1470 1513 92
1478 1492 265
1507 1551 109
1508 1541 254
1515 1555 20
1529 1552 147
1545 1581 109
1551 1559 231
1574 1591 21
1576 1580 149
1604 1620 188
1606 1643 125
1621 1666 278
1641 1681 205
1660 1670 138
1665 1668 204
1676 1677 8
1700 1731 41
1717 1749 112
1742 1762 48
1771 1818 43
1791 1830 135
1801 1835 235
1824 1829 183
1854 1900 116
1875 1922 262
1903 1921 255
1905 1918 21
1907 1936 56
1916 1937 201
1940 1945 137
1941 1960 262
1969 2000 250
1970 1998 86
1973 2003 281
1996 2022 235
2011 2022 80
2018 2066 138
2046 2054 234
2063 2080 112
2064 2105 219
2086 2097 126
2101 2142 279
2129 2133 56
2159 2207 252
2166 2186 264
2176 2200 163
2188 2207 73
2217 2230 201
2237 2238 157
2238 2240 294
2258 2298 38
2267 2289 189
2290 2324 188
2316 2339 144
2331 2340 111
2346 2351 245
2356 2359 157
2365 2396 92
2380 2415 35
2410 2445 171
2422 2454 91
2448 2474 85
2450 2452 22
2468 2474 4
2474 2494 178
2498 2541 189
2522 2523 81
2544 2576 137
2560 2567 2
2583 2594 67
2596 2634 157
2622 2648 239
2639 2642 9
2664 2665 72
2666 2702 103
2686 2715 205
2700 2729 99
2703 2705 190
2704 2707 85
2732 2764 253
2748 2770 189
2749 2781 25
2760 2802 267
2771 2777 117
2774 2791 48
2783 2790 153
2785 2835 174
2796 2813 2
2807 2823 200
2834 2844 219
2853 2863 175
2880 2916 134
2881 2888 246
2895 2907 122
2898 2947 275
2916 2939 217
2931 2979 33
2954 2998 280
2982 3023 263
2998 3003 94
2999 3019 253
3020 3070 156
3033 3068 86
3039 3075 35
3057 3062 248
3060 3069 192
3087 3093 124
3107 3126 22
3114 3150 183
3140 3159 134
3169 3179 167
3184 3231 85
3191 3238 186
3218 3236 264
3227 3247 209
3245 3246 96
3267 3281 284
3276 3306 250
3300 3307 214
3311 3335 226
3329 3348 270
3359 3387 297
3364 3409 40
3369 3418 239
3386 3391 251
3403 3447 174
3411 3414 95
3436 3463 251
3445 3487 41
3472 3484 38
3479 3494 57
3494 3512 71
3518 3544 277
3534 3570 23
3563 3582 85
3566 3585 195
3596 3637 208
3619 3662 158
3639 3664 6
3654 3678 3
3674 3704 58
3697 3712 62
3723 3736 196
3730 3761 69
3750 3776 189
3780 3791 252
3781 3789 123
3800 3837 175
3805 3827 37
3829 3852 30
3857 3900 150
3881 3887 290
3909 3927 28
3914 3925 289
3927 3932 215
3931 3975 11
3933 3964 40
3957 3994 2
3969 3997 189
3970 3983 138
3980 3981 126
4001 4003 143
4027 4029 6
4046 4071 101
4061 4071 257
4061 4070 238
4080 4092 7
4082 4124 269
4088 4120 134
4113 4140 183
4142 4154 103
4151 4163 155
4156 4184 9
4165 4167 207
4171 4220 147
4196 4207 237
4213 4225 235
4234 4261 129
4238 4278 295
4259 4304 171
4284 4293 220
4301 4351 82
4324 4332 195
4328 4357 85
4340 4385 106
4363 4406 74
4370 4406 130
4383 4422 199
4413 4418 8
4416 4421 141
4434 4459 205
4439 4471 42
4446 4462 185
4465 4473 127
4475 4509 205
4476 4480 160
4491 4537 162
4508 4509 153
4530 4559 259
4540 4560 185
4546 4570 183
4555 4587 150
4567 4615 264
4568 4584 16
4589 4614 9
4608 4637 278
4633 4661 60
4661 4685 154
4691 4722 114
4709 4725 255
4715 4729 125
4725 4730 239
4743 4785 11
4757 4797 9
4787 4809 148
4810 4855 268
4834 4868 288
4834 4856 289
4835 4838 1
4858 4887 258
4870 4919 169
4886 4915 174
4912 4962 165
4912 4948 176
4925 4937 102
4934 4938 231
4937 4979 267
4952 4961 144
4966 4973 290
4972 5014 97
4999 5015 113
5029 5037 257
5031 5079 221
5031 5068 185
5031 5049 294
5051 5100 37
5061 5081 174
5084 5096 206
5088 5105 110
5096 5127 123
5098 5129 47
5114 5162 13
5142 5154 229
5151 5160 188
5163 5204 239
5166 5202 83
5177 5180 193
5201 5240 276
5202 5223 173
5228 5256 50
5237 5273 125
5249 5275 164
5250 5269 288
5279 5301 123
5308 5333 213
5308 5320 261
5336 5344 96
5340 5355 265
5342 5347 256
5348 5368 125
5362 5393 163
5390 5393 116
5395 5426 80
5397 5424 131
5410 5414 166
5429 5436 102
5456 5475 261
5466 5476 54
5481 5497 8
5508 5547 279
5535 5567 272
5554 5557 12
5569 5598 112
5569 5573 247
5572 5604 243
5602 5641 17
5614 5653 69
5622 5629 231
5639 5667 144
5646 5667 107
5658 5676 208
5660 5697 277
5679 5686 233
5682 5728 32
5710 5712 1
5716 5746 240
5725 5735 65
5737 5773 187
5748 5798 210
5767 5773 279
5788 5830 129
5804 5838 165
5804 5811 290
5823 5842 225
5826 5828 221
5852 5890 122
5877 5893 58
5901 5911 48
5905 5922 10
5910 5941 27
5931 5951 57
5953 5992 143
5966 5988 55
5988 6032 188
6009 6040 280
6034 6073 105
6042 6087 37
6060 6086 86
6077 6102 33
6092 6132 131
6097 6108 227
6101 6142 244
6110 6123 237
6131 6147 248
6156 6159 162
6185 6202 99
6214 6222 181
6231 6249 192
6259 6260 137
6275 6309 223
6303 6305 177
6315 6341 128
6326 6345 133
6356 6363 35
6370 6381 72
6375 6388 123
6375 6408 45
6384 6428 287
6407 6442 182
6428 6473 152
6438 6457 179
6461 6500 104
6472 6489 72
6502 6527 292
6520 6569 175
6524 6555 53
6531 6573 39
6549 6592 79
6572 6574 16
6584 6629 205
6602 6625 267
6617 6653 86
6620 6644 158
6634 6641 243
6645 6667 288
6674 6688 34
6701 6748 293
6711 6734 106
6721 6722 58
6738 6742 236
6751 6774 57
6770 6805 169
6785 6822 291
6796 6805 106
6819 6826 224
6822 6854 117
6829 6853 29
6833 6847 299
6839 6869 64
6839 6853 146
6850 6862 162
6877 6883 97
6878 6925 134
6900 6915 187
6928 6969 220
6956 6966 20
6962 6968 260
6970 6975 129
6976 6994 271
6976 7025 147
6997 7041 157
7017 7062 122
7041 7069 102
7045 7070 186
7057 7106 274
7062 7063 210
7074 7108 73
7102 7152 51
7104 7132 116
7130 7148 127
7146 7162 250
7167 7189 5
7185 7193 240
7189 7234 80
7217 7236 38
7240 7262 250
7251 7278 159
7275 7281 117
7303 7351 268
7324 7370 87
7325 7338 132
7335 7364 187
7344 7356 3
7366 7370 218
7380 7402 13
7404 7424 256
7418 7425 153
7443 7453 166
7447 7452 236
7456 7494 224
7467 7476 43
7473 7516 193
7481 7484 23
7488 7537 172
7504 7542 285
7512 7520 229
7528 7529 159
7545 7588 240
7572 7585 189
7582 7590 185
7590 7630 169
7599 7646 180
7621 7669 214
7632 7680 197
7648 7677 123
7673 7675 299
7703 7741 58
7707 7734 46
7712 7757 108
7718 7749 92
7734 7775 117
7757 7781 178
7768 7813 14
7795 7822 140
7807 7808 269
7824 7842 293
7847 7887 275
7875 7893 247
7875 7899 268
7881 7927 176
7901 7948 207
7901 7949 119
7913 7919 76
7927 7953 209
7929 7941 216
7943 7957 65
7945 7968 221
7967 7973 78
7996 8021 15
8000 8021 180
8005 8014 15
8016 8028 23
8034 8060 3
8061 8093 124
8079 8116 206
8084 8103 70
8096 8140 28
8126 8152 279
8147 8168 218
8165 8187 32
8194 8228 154
8207 8249 188
8219 8262 143
8243 8244 171
8265 8315 278
8293 8305 17
8319 8332 195
8322 8343 199
8352 8373 235
8365 8384 200
8380 8424 26
8399 8448 231
8408 8437 216
8422 8457 137
8444 8492 141
8454 8486 278
8475 8513 45
8505 8542 127
8508 8546 280
8538 8547 52
8556 8591 136
8558 8599 136
8561 8573 300
8569 8587 120
8574 8607 188
8592 8610 90
8605 8616 194
8629 8649 16
8629 8649 46
8632 8661 109
8649 8682 18
8670 8716 15
8671 8697 3
8698 8702 132
8722 8737 269
8745 8782 196
8759 8769 10
8767 8773 99
8796 8832 278
8803 8843 210
8817 8857 295
8824 8852 83
8832 8870 205
8841 8862 223
8869 8892 124
8888 8921 194
8915 8934 215
8918 8948 144
8945 8978 173
8948 8967 151
8964 8999 226
8973 9008 275
8976 9019 84
8987 9012 278
9016 9062 266
9041 9059 261
9070 9088 278
9086 9122 283
9096 9143 274
9125 9142 17
9138 9141 191
9159 9194 155
9181 9209 199
9211 9212 205
9221 9223 68
9229 9253 13
9236 9284 269
9262 9288 258
9284 9293 135
9305 9312 287
9328 9332 82
9346 9360 259
9362 9369 11
9390 9405 22
9405 9412 100
9431 9479 108
9448 9453 97
9469 9474 52
9484 9524 127
9509 9525 264
9531 9558 157
9540 9542 2
9548 9556 192
9550 9577 39
9552 9565 260
9579 9595 78
9583 9597 63
9592 9638 287
9592 9615 102
9608 9640 299
9627 9628 47
9648 9686 196
9678 9685 171
9684 9689 25
9701 9725 56
9703 9746 58
9709 9744 127
9724 9743 107
9752 9780 241
9772 9810 286
9800 9802 254
9810 9842 173
9814 9843 108
9835 9868 292
9865 9881 30
9891 9916 172
9911 9940 276
9941 9979 69
9971 10018 8
9985 10034 156
9998 10027 114
10003 10036 120
10008 10012 222
10032 10054 82
10042 10081 121
10044 10073 248
10063 10113 185
10079 10099 201
10109 10119 297
10119 10126 204
10124 10137 15
10136 10139 298
10160 10186 125
10183 10198 289
10184 10187 126
10214 10250 157
10219 10235 135
10236 10267 275
10240 10276 189
10241 10284 25
10259 10294 294
10259 10263 284
10283 10312 254
10312 10342 78
10330 10366 22
10349 10391 82
10359 10365 161
10369 10377 226
10381 10409 151
10406 10414 173
10431 10453 18
10438 10473 231
10463 10472 121
10488 10518 99
10496 10501 178
10496 10508 89
10525 10535 241
10538 10562 83
10550 10589 111
10571 10596 236
10579 10601 261
10599 10620 294
10620 10646 275
10641 10654 76
10660 10673 111
10665 10700 62
10665 10670 57
10678 10684 298
10689 10704 281
10706 10741 212
10707 10736 295
10720 10764 294
10738 10739 276
10738 10781 179
10764 10797 244
10765 10810 212
10765 10783 209
10766 10799 272
10796 10814 257
10800 10826 44
10819 10824 244
10848 10893 260
10868 10891 139
10887 10931 47
10900 10921 205
10924 10944 80
10939 10942 201
10947 10950 154
10967 10977 154
10990 11035 171
10998 11018 168
11022 11071 300
11041 11087 36
11047 11062 212
11072 11108 110
11093 11123 14
11095 11124 217
11098 11118 209
11113 11149 269
11115 11153 91
11134 11180 30
11142 11144 177
11144 11175 246
11145 11169 226
11164 11189 92
11188 11198 266
11202 11250 214
11215 11224 205
11234 11246 2
11264 11298 131
11286 11319 276
11286 11320 88
11315 11346 112
11330 11365 69
11335 11343 109
11351 11386 49
11370 11378 14
11372 11374 277
11381 11412 59
11399 11438 249
11415 11441 87
11430 11434 3
11448 11469 275
11457 11458 185
11473 11482 21
11486 11516 209
11500 11513 129
11504 11532 107
11524 11548 25
11542 11568 16
11547 11564 243
11576 11602 102
11585 11607 46
11606 11628 174
11635 11673 159
11664 11703 110
11679 11708 1
11692 11721 251
11708 11715 195
11734 11774 126
11751 11800 278
11772 11789 123
11772 11806 298
11790 11814 93
11802 11826 190
11826 11833 45
11853 11855 283
11873 11907 196
11901 11946 213
11909 11927 195
11914 11946 268
11915 11952 202
11921 11962 109
11925 11957 54
11930 11971 106
11945 11962 62
11959 11975 79
11988 12018 247
11994 12035 92
12020 12046 109
12041 12065 119
12041 12074 297
12068 12071 276
12091 12111 83
12097 12138 256
12114 12137 190
12118 12143 209
12129 12150 98
12148 12177 249
12169 12194 248
12184 12231 78
12207 12255 159
12225 12231 170
12225 12263 53
12244 12275 228
12269 12287 31
12270 12312 157
12274 12287 124
12291 12329 69
12309 12356 50
12333 12371 271
12347 12352 285
12372 12408 212
12399 12410 80
12408 12417 265
12427 12441 186
12446 12479 253
12465 12485 111
12476 12520 54
12488 12522 109
12518 12530 256
12521 12549 52
12541 12542 46
12541 12572 269
12567 12604 67
12596 12643 36
12618 12636 87
12628 12669 190
12654 12672 13
12669 12712 277
12669 12716 86
12679 12684 227
12690 12701 46
12709 12750 16
12726 12774 89
12727 12773 252
12752 12760 230
12773 12802 113
12778 12796 258
12800 12820 289
12821 12829 269
12846 12877 57
12856 12898 149
12859 12908 198
12859 12900 128
12876 12904 49
12882 12925 164
12897 12938 50
12910 12944 299
12919 12929 34
12943 12963 69
12971 12978 40
12973 12979 50
12996 13012 188
13015 13024 285
13043 13069 277
13062 13100 150
13064 13067 89
13064 13076 11
13089 13130 47
13105 13145 235
13124 13128 38
13144 13194 189
13168 13213 274
13191 13206 158
13206 13211 65
13229 13255 150
13238 13254 23
13241 13254 145
13243 13250 17
13258 13282 124
13276 13302 91
13303 13341 207
13313 13338 149
13321 13339 23
13328 13342 264
13354 13390 214
13358 13399 121
13367 13416 227
13367 13379 242
13383 13393 180
13396 13405 161
13398 13427 165
13411 13451 159
13433 13459 151
13453 13475 105
13456 13466 30
13471 13490 258
13490 13494 28
13499 13531 209
13521 13564 280
13529 13539 190
13537 13544 158
13565 13605 109
13572 13573 220
13591 13626 176
13617 13644 240
13636 13670 67
13655 13675 152
13665 13706 184
13688 13697 258
13708 13713 15
13724 13726 90
13749 13783 131
13749 13792 52
13754 13789 159
13766 13801 268
13789 13816 194
13791 13824 260
13809 13839 46
13821 13845 79
13828 13843 221
13836 13847 266
13862 13880 36
13866 13888 297
13883 13930 157
13905 13935 97
13918 13957 38
13929 13973 148
13951 13955 287
13958 13988 134
13961 14003 30
13976 14026 125
13983 13998 11
14013 14029 137
14037 14086 118
14058 14090 122
14082 14084 254
14103 14128 53
14128 14132 7
14141 14175 142
14141 14155 86
14146 14177 195
14148 14184 46
14165 14175 44
14187 14221 188
14196 14204 76
14205 14207 67
14235 14281 229
14236 14250 255
14263 14309 115
14291 14329 100
14306 14327 299
14323 14339 106
14327 14337 28
14347 14365 236
14363 14413 263
14383 14410 255
14402 14404 87
14417 14447 13
14417 14441 87
14439 14455 241
14459 14496 221
14467 14483 190
14497 14532 155
14525 14529 66
14540 14544 165
14547 14579 43
14574 14598 197
14578 14594 223
14596 14640 89
14624 14654 138
14647 14681 33
14649 14659 120
14658 14669 216
14674 14701 260
14703 14741 105
14703 14710 229
14706 14727 178
14706 14714 33
14715 14756 161
14734 14739 126
14737 14782 93
14739 14770 293
14759 14778 41
14773 14779 74
14788 14809 64
14800 14847 58
14800 14846 249
14810 14834 56
14827 14857 93
14842 14857 92
14861 14870 280
14867 14910 179
14870 14915 122
14882 14896 46
14907 14920 289
14936 14955 139
14962 14979 37
14964 14984 280
14989 15022 152
14996 15002 236
15002 15026 238
15029 15072 109
15049 15089 83
15054 15055 270
15082 15109 251
15086 15120 121
15111 15119 95
15137 15183 286
15139 15159 232
15162 15208 44
15188 15219 220
15216 15250 180
15229 15244 194
15250 15280 54
15255 15289 40
15262 15299 75
15285 15301 161
15292 15303 15
15300 15334 141
15309 15326 113
15336 15361 205
15349 15371 101
15360 15386 128
15367 15415 223
15372 15404 296
15402 15444 100
15409 15428 105
15411 15438 122
15440 15447 40
15444 15481 126
15445 15485 112
15474 15500 136
15493 15518 284
15503 15520 68
15510 15513 251
15520 15565 45
15525 15559 174
15550 15571 182
15551 15575 3
15556 15562 27
15584 15614 41
15586 15625 213
15588 15617 172
15590 15622 31
15606 15650 88
15623 15650 140
15640 15648 3
15663 15712 45
15677 15685 140
15703 15742 125
15729 15761 285
15741 15750 197
15742 15745 68
15746 15758 173
15767 15812 206
15792 15834 295
15819 15826 29
15835 15836 54
15863 15899 253
15880 15898 228
15905 15910 252
15928 15965 284
15940 15960 168
15961 16006 255
15977 15993 133
15992 16011 54
16014 16052 101
16036 16051 26
16046 16052 239
16062 16064 34
16074 16096 268
16092 16115 253
16103 16134 271
16124 16134 207
16140 16176 3
16166 16192 39
16191 16199 227
16192 16240 143
16197 16206 161
16220 16248 225
16237 16272 234
16264 16287 235
16288 16332 269
16310 16352 138
16322 16353 218
16344 16380 189
16354 16377 56
16363 16379 90
16379 16419 247
16392 16413 233
16407 16412 270
16417 16449 287
16437 16461 6
16447 16477 141
16476 16487 154
16488 16528 146
16489 16496 244
16504 16548 290
16510 16531 170
16519 16540 300
16539 16540 209
16551 16596 245
16563 16593 286
16567 16615 3
16596 16609 91
16602 16642 46
16632 16658 16
16640 16641 229
16650 16697 83
16673 16677 33
16693 16743 87
16699 16734 240
16710 16760 267
16739 16780 244
16763 16813 11
16766 16781 7
16771 16782 23
16798 16826 23
16802 16839 102
16814 16831 91
16828 16868 216
16837 16853 242
16842 16878 33
16842 16867 81
16862 16899 64
16888 16889 150
16901 16948 223
16921 16924 116
16927 16940 107
16936 16961 50
16958 16976 115
16984 17009 286
16994 17021 102
17022 17026 105
17040 17075 9
17059 17060 75
17083 17121 186
17096 17115 17
17118 17151 20
17122 17160 248
17150 17188 272
17150 17177 67
17175 17210 299
17190 17236 48
17192 17214 99
17200 17242 251
17215 17222 246
17235 17254 268
17246 17292 55
17253 17295 227
17282 17297 223
17308 17333 66
17319 17321 14
17338 17366 255
17358 17372 162
17381 17383 136
17395 17434 81
17409 17439 235
17432 17458 215
17460 17486 34
17462 17482 152
17481 17502 26
17481 17525 178
17494 17497 210
17522 17564 15
17523 17561 85
17552 17583 21
17576 17612 283
17579 17610 137
17581 17625 131
17590 17626 70
17614 17664 152
17627 17644 95
17632 17668 279
17645 17646 47
17664 17673 83
17672 17706 221
17687 17699 23
17717 17759 81
17719 17739 219
17741 17742 20
17758 17765 67
17758 17785 75
17786 17808 33
17789 17837 202
17814 17849 66
17820 17847 70
17827 17864 68
17857 17863 135
17867 17910 138
17894 17905 102
17919 17932 68
17928 17943 135
17943 17978 224
17961 17988 27
17991 18014 120
17995 18022 209
18008 18013 194
18009 18028 216
18038 18058 84
18059 18078 22
18089 18117 131
18106 18116 167
18132 18141 109
18156 18188 127
18179 18185 258
18206 18248 118
18223 18250 269
18229 18246 187
18249 18263 246
18253 18261 69
18263 18311 124
18277 18299 295
18296 18346 96
18322 18342 208
18329 18360 235
18338 18374 255
18361 18399 267
18375 18412 182
18401 18404 139
18405 18422 283
18414 18446 202
18414 18430 279
18435 18454 106
18437 18470 181
18460 18488 173
18488 18491 225
18503 18512 9
18506 18524 276
18518 18528 184
18531 18555 114
18557 18598 209
18565 18584 266
18580 18593 298
18600 18606 30
18625 18633 92
18650 18663 237
18679 18698 266
18706 18749 123
18709 18745 4
18719 18766 42
18729 18743 298
18749 18783 223
18774 18782 231
18800 18848 3
18806 18809 224
18810 18846 123
18810 18833 136
18822 18868 271
18836 18843 2
18859 18895 261
18881 18896 252
18890 18936 2
18913 18940 246
18938 18977 106
18968 18992 84
18968 19003 294
18986 19016 201
18996 19031 217
19003 19031 101
19029 19049 221
19029 19035 94
19031 19033 246
19060 19093 87
19077 19087 128
19101 19139 30
19105 19137 236
19112 19148 92
19135 19166 186
19145 19156 21
19169 19196 193
19176 19188 196
19202 19235 109
19206 19231 22
19231 19236 293
19232 19259 76
19245 19262 108
19269 19296 247
19284 19318 4
19299 19310 283
19327 19365 135
19341 19381 31
19352 19361 128
19381 19430 258
19405 19427 105
19419 19428 59
19433 19467 89
19452 19497 213
19455 19469 175
19484 19527 224
19494 19514 125
19513 19516 82
19541 19574 39
19545 19591 113
19567 19590 238
19593 19620 77
19614 19644 250
19639 19681 246
19664 19692 94
19665 19705 13
19690 19696 259
19714 19741 106
19716 19743 98
19723 19771 158
19724 19744 32
19739 19766 267
19749 19790 64
19769 19774 113
19788 19803 75
19803 19816 194
19830 19862 274
19836 19885 159
19864 19881 242
19872 19922 49
19877 19897 119
19895 19911 26
19904 19906 256
19910 19937 52
19929 19932 136
19955 19990 238
19979 20016 118
20000 20026 105
20019 20041 146
20039 20050 143
20062 20083 91
20080 20123 167
20083 20101 55
20110 20130 295
20130 20142 221
20142 20182 22
20142 20148 37
20152 20179 174
20154 20159 21
20165 20189 291
20170 20182 129
20178 20216 101
20204 20219 171
20232 20256 109
20233 20279 92
20254 20295 245
20274 20322 42
20287 20334 134
20316 20349 121
20322 20331 290
20324 20369 282
20344 20387 273
20363 20372 281
20367 20396 122
20382 20413 8
20401 20426 187
20411 20439 255
20419 20438 81
20424 20470 64
20425 20431 63
20455 20458 59
20471 20485 247
20491 20499 85
20504 20551 263
20510 20520 116
20520 20567 219
20539 20564 30
20559 20596 225
20565 20585 115
20565 20595 129
20584 20599 107
20592 20604 251
20600 20608 277
20623 20665 52
20646 20651 253
20673 20674 175
20679 20691 61
20696 20714 12
20710 20753 163
20734 20776 58
20747 20757 193
20753 20768 95
20776 20818 198
20784 20803 138
20790 20821 219
20791 20839 78
20792 20840 121
20812 20817 175
20820 20850 79
20841 20864 237
20852 20900 135
20867 20881 37
20885 20935 135
20893 20915 165
20900 20931 116
20917 20963 242
20941 20955 277
20947 20987 190
20958 20998 233
20983 21006 238
21002 21012 298
21030 21033 207
21035 21070 194
21058 21086 56
21064 21065 219
21076 21119 297
21087 21122 144
21117 21142 255
21136 21160 100
21163 21173 228
21178 21224 195
21208 21231 150
21217 21225 33
21247 21258 36
21248 21276 293
21254 21264 93
21273 21284 45
21291 21329 233
21295 21344 100
21297 21305 213
21314 21346 294
21322 21371 222
21328 21338 104
21345 21346 157
21357 21385 230
21366 21399 86
21371 21400 19
21390 21410 66
21391 21408 212
21391 21436 274
21420 21457 100
21427 21429 278
21453 21500 107
21481 21516 269
21501 21508 200
21520 21553 298
21537 21552 253
21565 21573 62
21593 21643 141
21613 21644 173
21633 21651 207
21659 21674 296
21675 21703 188
21684 21715 256
21688 21695 162
21701 21705 212
21727 21737 131
21731 21766 117
21761 21784 206
21773 21785 2
21779 21829 91
21806 21811 279
21813 21855 283
21817 21837 115
21826 21842 297
21826 21844 21
21827 21869 62
21830 21833 296
21842 21890 283
21842 21845 286
21852 21858 110
21852 21896 188
21856 21903 294
21885 21928 146
21885 21896 30
21899 21918 167
21919 21962 156
21948 21979 232
21968 22011 214
21996 22004 151
22013 22053 228
22030 22068 125
22035 22085 149
22050 22066 230
22051 22060 294
22070 22078 155
22096 22126 135
22100 22142 293
22112 22157 231
22115 22122 287
22124 22141 129
22144 22162 139
22147 22175 115
22151 22183 98
22155 22174 12
22179 22205 212
22179 22219 215
22193 22201 197
22209 22231 184
22224 22266 121
22249 22285 155
22270 22291 192
22289 22290 207
22289 22302 24
22292 22306 250
22304 22343 157
22330 22341 57
22348 22370 227
22354 22390 240
22355 22390 194
22376 22424 211
22397 22423 25
22401 22423 159
22428 22433 265
22442 22482 90
22450 22459 233
22480 22496 262
22490 22508 294
22504 22537 33
22526 22553 212
22542 22580 292
22562 22575 218
22586 22594 129
22606 22610 160
22630 22647 183
22635 22673 212
22664 22713 14
22667 22699 32
22669 22679 185
22675 22680 172
22676 22708 132
22699 22731 37
22725 22760 297
22751 22755 120
22771 22784 33
22788 22803 119
22796 22822 93
22815 22842 277
22826 22866 160
22850 22875 70
22852 22875 265
22857 22879 162
22859 22883 101
22862 22904 177
22882 22925 56
22902 22918 140
22908 22912 35
22916 22933 113
22934 22951 65
22934 22940 58
22945 22988 208
22975 23016 25
22978 23018 183
22986 23023 229
22990 23003 87
22999 23028 261
23028 23070 272
23050 23056 113
23067 23069 35
23092 23120 74
23118 23129 93
23122 23159 118
23140 23188 252
23162 23174 172
23176 23181 64
23184 23185 253
23193 23201 273
23215 23217 13
23224 23238 47
23252 23281 1
23258 23293 100
23258 23273 72
23258 23298 105
23272 23321 230
23298 23314 110
23326 23348 154
23339 23388 149
23368 23377 100
23373 23380 249
23396 23431 110
23406 23430 171
23413 23426 215
23436 23486 122
23457 23468 124
23476 23499 103
23496 23524 207
23519 23556 222
23545 23552 46
23571 23594 56
23583 23604 201
23612 23649 153
23629 23659 31
23656 23684 273
23656 23674 274
23671 23705 268
23682 23689 171
23694 23723 284
23694 23704 237
23718 23731 296
23738 23751 150
23768 23791 54
23778 23796 56
23782 23793 46
23791 23820 111
23800 23811 206
23803 23816 201
23817 23838 224
23842 23871 115
23866 23900 190
23878 23901 172
23887 23923 262
23900 23932 42
23904 23941 157
23924 23963 256
23932 23938 245
23935 23952 105
23955 23990 234
23970 23997 294
23992 24037 46
24000 24003 217
24027 24034 144
24044 24079 284
24053 24094 251
24069 24089 108
24069 24091 8
24076 24108 296
24100 24146 254
24114 24138 150
24135 24182 36
24165 24209 290
24165 24198 74
24169 24207 180
24191 24195 40
24219 24227 169
24233 24238 265
24234 24249 5
24244 24280 91
24259 24278 42
24278 24293 225
24308 24347 247
24338 24381 57
24354 24375 71
24358 24401 161
24383 24429 256
24409 24458 78
24425 24442 39
24426 24460 60
24440 24444 213
24447 24488 38
24462 24481 234
24481 24491 223
24510 24528 37
24516 24550 234
24528 24551 63
24538 24585 149
24541 24586 199
24563 24607 299
24589 24630 94
24593 24607 210
24622 24655 150
24632 24669 269
24653 24696 221
24661 24689 232
24683 24709 189
24689 24708 142
24693 24725 238
24712 24714 245
24737 24750 82
24758 24805 180
24761 24774 11
24772 24776 185
24800 24809 193
24811 24826 253
24819 24830 162
24827 24868 147
24844 24877 149
24868 24882 223
24878 24912 273
24894 24934 243
24909 24924 142
24937 24967 142
24940 24980 194
24968 24981 135
24970 25004 106
25000 25003 158
25001 25031 1
25019 25041 111
25029 25067 138
25048 25059 253
25075 25105 95
25100 25135 217
25105 25131 108
25107 25112 54
25127 25135 237
25145 25166 205
25169 25201 233
25178 25215 244
25183 25226 271
25209 25253 88
25236 25265 67
25248 25295 19
25256 25285 70
25277 25307 112
25295 25301 166
25324 25351 13
25338 25360 120
25368 25397 170
25375 25393 62
25385 25391 166
25390 25415 292
25405 25422 145
25421 25437 198
25434 25467 166
25459 25489 150
25461 25469 241
25490 25511 58
25496 25502 70
25506 25556 33
25517 25566 93
25540 25548 161
25542 25548 97
25560 25581 228
25581 25588 61
25597 25643 251
25623 25636 17
25648 25676 71
25650 25662 61
25652 25674 132
25677 25706 280
25684 25716 36
25696 25743 198
25721 25754 94
25743 25769 96
25770 25813 242
25787 25814 28
25790 25833 173
25791 25800 201
25807 25842 220
25830 25854 79
25857 25873 271
25870 25917 297
25884 25928 29
25895 25926 22
25904 25917 27
25931 25977 104
25932 25956 93
25942 25953 124
25971 25975 42
25996 26018 70
26025 26064 121
26030 26077 176
26045 26061 226
26059 26094 22
26071 26072 268
26093 26107 121
26117 26125 82
26133 26155 33
26145 26183 171
26148 26157 60
26158 26170 189
26171 26186 131
26185 26195 106
26185 26214 96
26197 26225 270
26203 26225 240
26211 26247 30
26219 26245 173
26241 26253 177
26246 26248 53
26256 26303 6
26284 26290 230
26291 26327 59
26317 26363 141
26338 26347 83
26366 26407 140
26378 26379 49
26393 26438 254
26415 26420 212
26429 26465 245
26429 26435 189
26445 26474 230
26455 26472 185
26478 26492 130
26490 26523 15
26520 26542 40
26550 26598 162
26580 26612 218
26610 26653 90
26626 26643 41
26647 26690 119
26668 26688 211
26696 26717 87
26721 26755 191
26750 26764 118
26758 26771 289
26787 26800 117
26812 26828 115
26841 26843 30
26863 26868 116
26866 26870 50
26889 26926 279
26909 26931 211
26929 26945 113
26948 26973 63
26961 26966 47
26975 26986 78
26992 27041 61
27020 27062 58
27039 27069 254
27066 27072 177
27075 27089 73
27078 27084 247
27104 27110 39
27128 27148 284
27154 27188 87
27162 27210 281
27163 27210 294
27174 27191 60
27187 27234 208
27192 27202 127
27195 27201 173
27196 27223 58
27224 27240 199
27244 27289 70
27244 27270 194
27259 27260 174
27277 27313 295
27288 27323 120
27310 27319 232
27326 27328 218
27332 27343 150
27345 27369 51
27368 27401 205
27388 27397 86
27418 27421 39
27433 27470 111
27438 27479 161
27440 27469 18
27459 27475 173
27475 27523 245
27500 27520 265
27523 27563 36
27546 27587 131
27546 27584 207
27555 27581 73
27570 27588 72
27584 27614 171
27605 27648 61
27634 27635 124
27664 27710 119
27685 27709 165
27706 27734 125
27714 27753 294
27727 27736 141
27734 27735 148
27734 27772 52
27749 27754 101
27758 27783 59
27764 27766 262
27783 27821 51
27801 27829 102
27815 27820 173
27833 27879 78
27858 27904 159
27859 27904 231
27889 27895 268
27904 27954 158
27913 27919 96
27921 27939 215
27923 27966 269
27934 27967 43
27963 27978 96
27964 27966 35
27982 27998 146
27996 28013 100
28006 28034 290
28022 28065 269
28038 28048 239
28052 28075 254
28072 28086 163
28088 28091 187
28099 28111 191
28125 28140 181
28140 28178 3
28150 28172 274
28174 28196 123
28180 28212 233
28203 28214 224
28215 28219 239
28228 28253 243
28240 28284 88
28256 28279 225
28279 28317 264
28298 28318 167
28308 28340 211
28313 28348 167
28319 28332 47
28340 28367 234
28357 28399 36
28370 28371 100
28398 28402 134
28403 28436 169
28425 28440 144
28431 28451 183
28443 28445 231
28468 28501 224
28489 28494 35
28506 28511 270
28521 28529 176
28546 28573 23
28576 28583 240
28605 28655 107
28625 28645 64
28637 28652 47
28654 28666 225
28658 28677 103
28679 28708 88
28679 28692 243
28687 28719 82
28714 28726 197
28724 28750 48
28743 28746 214
28748 28775 109
28748 28783 118
28760 28764 157
28776 28814 173
28791 28827 108
28806 28840 17
28813 28851 19
28823 28873 182
28827 28831 242
28841 28861 237
28869 28913 105
28895 28936 234
28919 28948 10
28940 28971 135
28967 29002 177
28969 28981 28
28990 29039 150
29008 29028 51
29027 29032 131
29029 29063 299
29050 29081 97
29057 29081 136
29059 29065 236
29065 29096 295
29069 29073 205
29098 29138 167
29120 29139 83
29121 29137 299
29135 29177 218
29142 29168 269
29149 29156 77
29157 29161 66
29179 29207 141
29190 29205 194
29203 29222 175
29206 29255 101
29232 29247 208
29261 29275 184
29290 29330 176
29311 29338 204
29335 29367 198
29344 29365 178
29345 29372 32
29355 29399 280
29367 29378 152
29390 29408 232
29415 29459 4
29422 29462 67
29441 29471 68
29469 29470 97
29475 29511 145
29499 29524 156
29509 29533 66
29538 29588 194
29541 29574 170
29567 29587 149
29585 29595 253
29594 29602 93
29614 29621 163
29626 29631 274
29654 29693 114
29674 29718 257
29703 29732 253
29712 29746 155
29734 29757 60
29743 29784 179
29749 29799 202
29753 29802 100
29761 29774 118
29779 29789 180
29794 29798 291
29816 29853 126
29846 29862 111
29854 29891 160
29876 29877 183
29902 29940 216
29922 29938 94
29926 29953 60
29936 29947 213
29953 29984 198
29965 30013 272
29978 29990 58
29993 30021 292
29995 30026 26
30011 30042 244
30032 30077 90
30041 30066 25
30055 30083 200
30065 30072 7
30083 30103 32
30095 30112 258
30118 30142 197
30122 30166 228
30135 30146 294
30146 30157 176
30154 30183 37
30171 30197 289
30180 30211 65
30194 30202 247
30219 30245 69
30246 30260 142
30267 30288 68
30277 30282 102
30299 30311 195
30301 30308 184
30326 30354 263
30346 30373 29
30372 30375 144
30386 30423 258
30391 30441 205
30399 30427 108
30426 30437 31
30442 30444 241
30442 30492 269
30447 30466 260
30474 30486 286
30478 30516 102
30500 30529 127
30506 30511 25
30527 30547 59
30556 30568 37
30567 30571 84
30596 30624 205
30617 30651 69
30646 30662 293
30668 30687 120
30695 30739 210
30722 30728 104
30742 30757 37
30758 30766 138
30768 30800 58
30798 30848 295
30814 30846 95
30830 30861 91
30833 30849 26
30843 30863 148
30867 30872 105
30893 30932 283
30921 30968 100
30938 30988 294
30957 30990 179
30965 30987 232
30982 31028 252
31010 31032 132
31024 31072 282
31026 31035 198
31050 31100 274
31071 31089 67
31085 31123 245
31114 31152 181
31126 31134 109
31148 31176 24
31148 31160 6
31153 31190 224
31158 31184 250
31182 31197 35
31212 31252 250
31227 31236 300
31252 31279 71
31282 31291 170
31296 31298 83
31296 31337 263
31296 31338 56
31315 31331 294
31335 31342 188
31351 31375 112
31371 31393 104
31401 31402 242
31421 31463 258
31424 31434 298
31449 31485 198
31453 31454 42
31475 31485 45
31498 31517 92
31509 31529 263
31517 31527 225
31536 31581 60
31555 31603 247
31565 31601 295
31567 31612 15
31588 31622 66
31614 31660 86
31632 31641 96
31658 31678 152
31684 31727 136
31698 31711 92
31717 31766 202
31717 31765 121
31740 31773 272
31764 31805 155
31772 31804 292
31778 31822 243
31806 31852 226
31834 31839 73
31855 31874 103
31884 31888 261
31903 31949 67
31926 31957 101
31937 31983 178
31965 31980 9
31969 32011 118
31989 32019 29
32013 32048 173
32014 32052 176
32038 32047 248
32043 32076 166
32063 32067 139
32084 32128 167
32110 32158 118
32135 32176 61
32152 32164 257
32170 32206 6
32189 32236 43
32189 32225 53
32206 32237 280
32209 32255 120
32216 32249 81
32246 32278 238
32271 32276 166
32287 32322 5
32299 32337 268
32302 32336 255
32307 32313 70
32310 32330 240
32316 32346 104
32337 32384 16
32349 32386 219
32378 32400 216
32405 32413 285
32434 32443 24
32449 32470 57
32449 32486 145
32449 32479 36
32459 32495 127
32484 32486 106
32499 32547 219
32499 32540 54
32529 32555 279
32559 32598 40
32562 32566 52
32589 32616 212
32610 32635 214
32626 32634 34
32633 32643 204
32639 32670 225
32648 32686 99
32676 32688 104
32699 32738 295
32719 32722 57
32719 32724 276
32731 32775 57
32749 32795 28
32777 32800 149
32799 32833 290
32816 32863 47
32846 32855 94
32874 32876 254
32888 32916 31
32918 32928 220
32930 32966 163
32949 32954 84
32977 32994 133
32982 33019 52
33010 33012 189
33038 33085 254
33055 33067 232
33083 33119 70
33094 33105 278
33094 33128 27
33103 33116 114
33105 33135 203
33106 33118 119
33125 33135 101
33125 33151 214
33139 33166 135
33147 33155 169
33177 33178 189
33183 33205 68
33201 33213 16
33211 33245 204
33211 33259 155
33223 33231 180
33252 33257 76
33260 33275 298
33287 33332 86
33314 33352 156
33333 33383 260
33359 33382 5
33374 33391 34
33393 33398 173
33423 33426 34
33425 33445 267
33431 33433 200
33433 33451 199
33433 33440 79
33443 33452 117
33462 33465 182
33462 33479 99
33482 33522 129
33510 33547 67
33530 33561 33
33534 33577 17
33564 33571 144
33573 33574 200
33597 33645 156
33611 33644 252
33619 33660 12
33628 33652 158
33634 33650 254
33645 33691 93
33661 33685 256
33661 33709 265
33661 33674 299
33680 33714 159
33705 33752 163
33735 33775 92
33735 33770 293
33755 33770 59
33766 33786 277
33776 33787 146
33801 33840 168
33817 33826 177
33840 33846 290
33848 33889 76
33868 33891 133
33894 33920 154
33910 33914 83
33921 33947 257
33929 33970 243
33946 33982 237
33965 33998 252
33985 34018 292
34006 34015 223
34022 34070 127
34050 34075 168
34051 34061 115
34063 34089 208
34074 34112 92
34097 34119 199
34098 34124 214
34106 34109 95
34111 34150 208
34129 34135 281
34140 34180 137
34149 34193 191
34157 34176 23
34165 34172 73
34179 34200 191
34205 34237 51
34229 34279 4
34239 34265 288
34257 34291 130
34287 34322 100
34309 34318 140
34324 34364 87
34348 34352 288
34372 34384 95
34395 34405 81
34419 34434 44
34426 34457 58
34449 34485 157
34470 34503 293
34480 34497 85
34505 34546 287
34524 34547 226
34545 34563 187
34548 34589 73
34570 34584 84
34577 34601 229
34594 34637 130
34615 34664 143
34644 34667 238
34660 34704 1
34674 34678 65
34674 34701 167
34702 34724 276
34713 34758 22
34716 34765 293
34726 34741 152
34737 34764 44
34749 34776 70
34760 34763 135
34760 34779 244
34764 34798 140
34783 34806 69
34786 34793 190
34800 34836 263
34805 34815 157
34826 34834 203
34840 34871 27
34856 34879 5
34869 34890 186
34888 34900 199
34889 34909 19
34899 34944 122
34917 34943 157
34941 34942 1
34946 34960 153
34963 34972 97
34969 35014 263
34993 35036 89
35017 35041 149
35044 35055 281
35062 35106 121
35082 35116 72
35112 35123 201
35139 35158 106
35155 35200 39
35161 35196 64
35186 35198 83
35192 35223 288
35212 35239 187
35219 35257 70
35249 35257 240
35249 35296 65
35256 35292 254
35279 35293 261
35302 35316 74
35331 35378 35
35338 35386 268
35347 35372 202
35357 35366 209
35361 35389 175
35377 35424 109
35390 35436 189
35409 35445 272
35425 35458 170
35433 35457 262
35462 35498 236
35464 35494 116
35481 35482 109
35491 35525 199
35508 35540 141
35517 35525 116
35539 35578 6
35558 35573 97
35584 35588 238
35586 35601 289
35587 35602 20
35614 35657 32
35620 35644 163
35647 35683 139
35648 35681 96
35656 35675 238
35664 35697 224
35678 35711 90
35700 35734 215
35705 35749 103
35733 35748 44
35758 35760 268
35780 35783 232
35791 35806 178
35809 35810 270
35811 35828 18
35817 35847 170
35843 35885 25
35846 35894 215
35868 35891 124
35878 35910 277
35897 35911 89
35908 35926 28
35926 35928 136
35950 36000 20
35971 35987 229
35984 36011 68
35986 36032 54
36009 36040 179
36024 36058 255
36025 36030 193
36055 36089 91
36077 36099 166
36104 36148 270
36134 36137 131
36148 36197 197
36164 36196 160
36173 36203 299
36198 36244 96
36207 36223 219
36223 36224 178
36223 36260 182
36251 36275 205
36255 36299 36
36280 36316 66
36282 36293 32
36291 36295 231
36294 36334 284
36317 36336 151
36331 36372 278
36343 36390 119
36371 36382 53
36386 36398 63
36413 36415 100
36442 36455 154
36444 36449 90
36470 36493 283
36490 36535 103
36512 36555 265
36541 36589 106
36565 36578 133
36582 36628 137
36607 36632 45
36614 36636 266
36639 36673 90
36652 36688 219
36653 36666 47
36659 36691 184
36689 36731 278
36703 36751 6
36728 36734 221
36735 36780 290
36756 36797 29
36768 36781 264
36793 36800 264
36809 36833 70
36809 36830 159
36813 36832 116
36832 36882 282
36836 36883 185
36865 36896 171
36883 36907 1
36910 36954 157
36913 36941 102
36928 36961 165
36949 36986 206
36950 36962 179
36980 36985 105
36981 37013 52
36981 36989 32
37009 37011 43
37031 37076 136
37046 37096 266
37070 37085 141
37082 37096 177
37102 37141 236
37130 37153 277
37147 37179 289
37159 37193 167
37186 37234 271
37192 37208 89
37202 37244 223
37232 37246 32
37258 37306 290
37278 37282 85
37304 37347 281
37310 37359 195
37320 37357 280
37322 37364 240
37339 37348 27
37353 37361 206
37383 37406 238
37398 37443 176
37398 37429 266
37405 37436 219
37424 37462 15
37424 37467 117
37427 37429 87
37427 37455 275
37443 37480 247
37455 37474 150
37455 37472 9
37457 37493 40
37483 37495 2
37490 37515 216
37513 37538 233
37528 37557 91
37528 37560 25
37553 37572 101
37578 37598 176
37589 37617 118
37615 37617 119
37640 37682 47
37644 37670 118
37666 37667 102
37696 37720 288
37713 37748 229
37735 37744 152
37739 37753 251
37769 37773 138
37797 37811 239
37825 37836 87
37845 37851 44
37847 37894 138
37850 37898 280
37878 37885 206
37897 37947 202
37913 37947 28
37939 37968 118
37946 37951 299
37971 38011 107
37982 38010 178
37992 37996 223
38018 38023 85
38039 38046 274
38055 38089 258
38058 38104 184
38065 38072 207
38086 38090 289
38088 38105 217
38089 38135 59
38109 38134 88
38110 38148 241
38139 38188 219
38144 38179 136
38165 38192 138
38174 38176 231
38183 38221 218
38199 38246 273
38207 38212 98
38224 38254 39
38252 38274 179
38264 38280 154
38271 38307 108
38298 38329 252
38306 38322 121
38324 38366 217
38340 38383 152
38364 38411 89
38373 38410 290
38376 38379 102
38405 38444 188
38432 38454 171
38459 38509 155
38466 38505 193
38474 38494 202
38479 38495 159
38509 38526 235
38516 38529 72
38526 38566 264
38542 38568 9
38565 38581 169
38578 38594 153
38597 38616 263
38612 38617 75
38615 38641 34
38636 38678 287
38663 38679 64
38674 38680 9
38681 38708 105
38692 38708 261
38695 38736 170
38709 38754 4
38710 38721 95
38740 38789 97
38751 38762 257
38766 38768 116
38772 38778 222
38791 38830 187
38796 38833 48
38825 38844 233
38838 38839 172
38842 38855 115
38846 38885 92
38859 38902 109
38878 38888 105
38907 38954 74
38923 38924 19
38946 38954 106
38954 38982 82
38984 39016 167
39006 39051 157
39034 39081 138
39060 39075 2
39069 39089 34
39075 39088 10
39105 39144 216
39115 39149 243
39129 39168 163
39131 39139 70
39148 39160 240
39157 39193 270
39175 39204 187
39186 39195 197
39193 39234 122
39196 39229 146
39201 39204 52
39230 39259 74
39231 39279 9
39236 39242 90
39242 39269 209
39266 39274 193
39288 39302 254
39313 39356 62
39338 39381 207
39360 39374 114
39387 39393 268
39393 39440 288
39403 39449 258
39409 39426 189
39428 39434 128
39430 39431 21
39436 39485 255
39456 39465 260
39457 39480 147
39476 39505 73
39488 39537 192
39505 39544 73
39510 39543 201
39512 39559 283
39540 39576 141
39563 39566 90
39563 39584 256
39584 39630 75
39603 39616 89
39606 39631 168
39636 39681 255
39664 39709 56
39687 39693 157
39703 39743 19
39714 39726 54
39718 39768 157
39732 39750 116
39751 39755 191
39768 39775 51
39776 39819 255
39779 39808 228
39796 39817 126
39822 39858 273
39822 39856 88
39839 39866 271
39866 39868 201
39881 39921 16
39908 39938 91
39932 39966 193
39938 39986 220
39955 40003 196
39972 40014 262
39984 40000 229
39986 40021 63
40013 40017 237
40041 40071 167
40062 40100 116
40085 40125 284
40108 40135 54
40109 40139 35
40116 40163 28
40145 40183 126
40146 40177 104
40170 40212 163
40194 40220 179
40212 40240 291
40223 40253 231
40233 40245 122
40262 40279 24
40275 40298 106
40282 40322 267
40294 40320 129
40314 40358 247
40333 40376 249
40341 40387 292
40370 40397 240
40392 40403 35
40410 40413 40
40418 40464 269
40425 40433 292
40452 40473 42
40469 40505 257
40487 40516 149
40506 40542 133
40529 40544 56
40540 40556 146
40546 40571 155
40572 40610 121
40597 40641 4
40609 40654 41
40616 40633 227
40624 40667 15
40639 40646 122
40665 40711 222
40681 40683 265
40685 40727 156
40705 40721 188
40715 40759 273
40742 40760 290
40771 40786 240
40794 40843 259
40809 40844 202
40838 40861 275
40839 40852 63
40858 40887 253
40858 40875 255
40866 40906 211
40869 40894 142
40890 40931 217
40897 40920 120
40923 40925 3
40947 40995 203
40967 40968 109
40989 41008 19
41019 41058 43
41044 41083 251
41049 41052 299
41052 41084 268
41075 41085 198
41104 41130 75
41128 41143 23
41131 41151 284
41137 41145 295
41165 41180 12
41165 41194 262
41169 41204 95
41189 41224 178
41210 41247 201
41238 41259 138
41242 41281 141
41248 41252 183
41264 41307 82
41282 41307 78
41283 41302 93
41285 41324 79
41311 41314 137
41320 41325 94
41329 41330 220
41330 41365 256
41342 41392 139
41357 41403 298
41374 41403 101
41378 41426 163
41385 41394 252
41414 41421 285
41429 41465 251
41434 41450 68
41441 41467 16
41464 41485 143
41475 41483 158
41496 41546 146
41500 41519 158
41517 41531 67
41520 41562 40
41525 41566 69
41538 41587 18
41563 41597 197
41565 41606 34
41591 41607 284
41610 41644 250
41630 41676 213
41642 41644 203
41644 41657 179
41668 41704 276
41694 41708 78
41707 41755 171
41720 41754 212
41724 41741 37
41728 41751 203
41743 41784 263
41765 41782 22
41793 41797 62
41819 41857 61
41825 41845 190
41841 41870 285
41865 41875 24
41891 41930 16
41891 41927 206
41921 41930 100
41938 41975 47
41950 41985 149
41963 41964 47
41974 42013 42
41994 42031 30
42015 42037 148
42034 42059 207
42046 42085 89
42059 42084 141
42066 42098 104
42089 42111 261
42114 42141 148
42136 42162 243
42144 42166 120
42150 42172 187
42163 42176 277
42178 42224 218
42190 42229 258
42195 42226 284
42203 42243 298
42226 42227 245
42227 42263 256
42229 42260 13
42252 42286 20
42271 42290 82
42283 42293 56
42300 42329 42
42324 42363 287
42324 42332 245
42344 42372 280
42345 42379 229
42356 42362 78
42382 42386 105
42387 42417 30
42389 42404 118
42405 42409 294
42417 42451 146
42417 42467 153
42442 42466 194
42449 42457 227
42454 42460 88
42455 42479 42
42480 42488 63
42483 42526 144
42494 42507 152
42500 42529 127
42526 42572 225
42549 42582 1
42572 42576 216
42587 42613 266
42589 42603 260
42606 42613 165
42616 42665 51
42640 42679 253
42653 42670 251
42664 42672 234
42689 42716 258
42712 42734 236
42718 42742 4
42746 42771 32
42758 42777 10
42758 42796 216
42765 42803 201
42789 42814 25
42812 42844 300
42837 42857 271
42861 42905 36
42883 42910 175
42891 42920 7
42919 42960 258
42939 42963 110
42945 42964 229
42962 42987 136
42969 43013 179
42999 43027 222
43016 43037 1
43032 43040 10
43051 43053 260
43077 43099 128
43102 43140 275
43119 43162 12
43145 43166 78
43169 43177 221
43191 43192 276
43195 43233 117
43211 43249 101
43228 43236 208
43239 43286 228
43248 43259 274
43262 43293 5
43291 43323 15
43291 43293 13
43314 43348 133
43320 43366 114
43339 43383 147
43342 43389 17
43350 43378 118
43366 43381 121
43375 43424 2
43399 43427 206
43418 43455 84
43439 43440 9
43449 43499 149
43463 43483 79
43482 43490 114
43507 43539 230
43509 43543 95
43518 43545 110
43544 43562 153
43548 43558 125
43557 43592 31
43567 43568 218
43577 43611 94
43593 43622 300
43620 43650 57
43636 43669 100
43647 43663 155
43673 43692 1
43691 43739 36
43694 43715 133
43724 43763 206
43731 43781 156
43739 43754 212
43745 43792 49
43751 43779 276
43766 43798 282
43793 43795 70
43803 43816 217
43824 43874 248
43829 43862 133
43834 43836 20
43850 43900 224
43867 43884 44
43881 43901 49
43911 43952 148
43919 43957 276
43943 43993 9
43961 43995 249
43985 43995 30
43995 44009 235
44013 44030 231
44029 44066 255
44045 44049 87
44059 44061 116
44076 44105 115
44087 44111 255
44103 44145 34
44126 44167 23
44134 44145 111
44140 44185 37
44145 44175 178
44155 44197 89
44184 44196 290
44192 44222 29
44220 44223 297
44225 44229 211
44255 44275 273
44283 44305 154
44300 44342 15
44329 44344 203
44349 44375 116
44351 44370 193
44380 44416 161
44393 44440 185
44423 44433 206
44423 44441 181
44453 44496 77
44462 44497 264
44487 44498 185
44515 44554 78
44516 44564 44
44521 44534 281
44536 44578 179
44547 44585 230
44565 44591 227
44565 44579 207
44567 44588 25
44592 44637 124
44616 44623 138
44617 44635 295
44618 44645 148
44636 44655 179
44659 44674 63
44687 44698 98
44717 44720 175
44736 44783 27
44761 44776 81
44787 44817 3
44787 44799 85
44790 44828 71
44815 44837 122
44824 44870 253
44852 44868 186
44860 44891 285
44879 44895 218
44892 44894 119
44918 44923 226
44923 44960 256
44953 44988 176
44954 44972 27
44980 45027 53
45008 45025 42
45025 45068 270
45027 45044 201
45050 45097 239
45060 45075 223
45089 45093 270
45113 45117 120
45142 45184 70
45159 45190 100
45166 45170 154
45193 45236 219
45214 45231 82
45222 45248 76
45234 45273 238
45238 45255 178
45246 45256 128
45248 45251 59
45261 45299 154
45286 45309 92
45295 45339 99
45301 45339 212
45323 45346 136
45324 45352 176
45335 45372 245
45335 45376 74
45336 45368 209
45357 45371 263
45357 45401 257
45381 45417 18
45408 45446 6
45424 45436 291
45445 45452 106
45448 45467 28
45472 45515 116
45483 45500 165
45510 45521 271
45536 45541 36
45554 45555 213
45567 45579 4
45571 45600 164
45572 45604 49
45595 45629 95
45604 45638 228
45612 45625 80
45627 45641 226
45630 45654 45
45635 45636 109
45641 45670 120
45652 45684 116
45680 45694 46
45681 45712 201
45705 45749 242
45706 45738 266
45710 45738 8
45727 45731 17
45743 45786 176
45773 45774 56
45802 45827 170
45815 45838 260
45832 45859 190
45856 45894 57
45870 45903 151
45890 45919 177
45912 45933 53
45936 45946 274
45956 45982 26
45959 45972 248
45982 45983 153
45989 46033 91
45992 45998 72
46016 46022 66
46045 46068 240
46061 46109 202
46067 46094 291
46079 46087 290
46082 46092 151
46095 46141 188
46123 46163 79
46144 46152 52
46169 46193 250
46188 46197 241
46198 46201 243
46216 46242 270
46222 46248 257
46230 46278 102
46249 46273 66
46278 46316 71
46287 46288 132
46293 46301 246
46316 46351 123
46343 46381 89
46344 46356 200
46360 46361 134
46373 46397 143
46382 46401 119
46387 46391 238
46401 46444 185
46407 46438 220
46419 46448 281
46447 46493 89
46477 46513 224
46502 46516 32
46513 46525 182
46533 46556 47
46546 46596 279
46547 46593 125
46554 46581 124
46563 46583 25
46567 46587 225
46584 46600 11
46596 46603 101
46601 46651 173
46613 46630 1
46627 46665 167
46637 46650 267
46663 46691 43
46671 46704 9
46673 46719 256
46680 46723 289
46705 46754 68
46717 46757 97
46732 46769 10
46746 46780 192
46757 46807 7
46771 46782 246
46781 46794 288
46793 46839 6
46797 46843 243
46798 46834 99
46800 46839 218
46814 46863 117
46842 46879 239
46868 46899 24
46885 46911 52
46897 46943 265
46901 46929 51
46911 46912 141
46914 46960 115
46934 46943 188
46960 46986 216
46987 47004 2
47017 47025 272
47042 47078 21
47047 47091 157
47053 47060 196
47079 47106 145
47108 47142 29
47115 47158 153
47131 47180 250
47144 47186 9
47169 47172 138
47187 47213 137
47211 47215 19
47239 47264 47
47241 47276 263
47254 47259 200
47275 47316 73
47277 47284 182
47289 47311 139
47299 47335 6
47319 47347 53
47346 47350 250
47376 47424 219
47404 47417 249
47419 47454 260
47429 47447 145
47447 47472 156
47458 47481 233
47487 47536 156
47516 47528 202
47541 47568 240
47567 47578 202
47579 47601 74
47602 47645 192
47606 47649 6
47635 47645 166
47638 47648 295
47652 47686 194
47674 47680 279
47686 47717 161
47711 47717 145
47718 47753 175
47724 47755 199
47753 47759 176
47769 47773 222
47773 47810 274
47774 47782 128
47783 47805 179
47803 47810 108
47815 47827 36
47832 47835 226
47835 47846 214
47835 47841 20
47839 47840 293
47853 47863 215
47881 47888 23
47911 47954 228
47936 47953 279
47945 47961 140
47975 48024 205
47986 48012 46
48000 48031 109
48030 48065 161
48050 48078 16
48065 48104 32
48085 48091 179
48098 48144 130
48124 48135 79
48144 48188 97
48173 48218 181
48173 48174 176
48186 48233 224
48210 48250 243
48240 48264 121
48254 48265 298
48273 48292 258
48279 48293 71
48281 48314 61
48288 48326 265
48293 48319 181
48323 48360 13
48329 48356 283
48352 48378 73
48359 48401 106
48362 48366 147
48375 48382 88
48386 48388 270
48413 48462 174
48420 48453 258
48421 48442 138
48431 48477 83
48446 48475 239
48456 48499 123
48469 48507 111
48479 48519 127
48508 48514 244
48537 48554 230
48560 48608 106
48589 48616 82
48603 48626 33
48610 48644 134
48632 48660 71
48639 48685 124
48658 48663 47
48662 48663 73
48664 48679 236
48685 48718 61
48685 48721 214
48686 48728 13
48692 48712 12
48716 48753 276
48732 48761 300
48755 48776 289
48782 48790 156
48805 48808 206
48813 48854 137
48840 48858 23
48854 48899 120
48858 48871 293
48864 48911 187
48874 48877 169
48881 48888 17
48892 48938 165
48916 48933 193
48930 48970 151
48935 48979 293
48965 49004 91
48967 48989 112
48992 49041 267
49004 49045 293
49024 49063 56
49040 49074 138
49065 49099 26
49087 49123 155
49097 49127 155
49108 49150 192
49121 49153 129
49126 49172 201
49145 49153 166
49156 49164 14
49157 49205 2
49173 49196 254
49177 49191 63
49199 49223 43
49200 49239 17
49203 49247 87
49213 49250 74
49233 49263 77
49233 49274 207
49235 49277 160
49242 49275 286
49251 49269 144
49281 49331 206
49287 49314 233
49310 49353 277
49315 49346 49
49322 49329 223
49345 49352 187
49370 49389 108
49386 49402 190
49412 49437 246
49424 49450 2
49435 49477 290
49465 49492 128
49489 49509 190
49494 49513 298
49496 49497 11
49498 49517 280
49512 49529 40
49515 49539 63
49524 49569 175
49539 49555 108
49563 49601 285
49567 49601 16
49587 49629 230
49614 49661 264
49621 49638 293
49648 49660 185
49657 49689 78
49682 49709 10
49709 49759 47
49730 49775 16
49734 49762 51
49762 49793 182
49780 49786 130
49786 49814 220
49788 49797 40
49818 49855 97
49846 49896 144
49867 49869 103
49892 49918 140
49892 49933 242
49892 49936 256
49913 49923 149
49936 49948 293
49951 49991 159
49960 49996 172
49974 49975 242
49997 50012 177
50008 50018 106
50020 50063 193
50025 50052 265
50044 50093 70
50073 50086 40
50088 50104 265
50100 50117 118
50116 50123 98
50129 50152 141
50145 50194 243
50160 50165 264
50179 50188 157
50208 50246 67
50211 50261 243
50218 50233 299
50238 50254 103
50238 50246 82
50241 50250 150
50247 50297 5
50255 50304 150
50258 50297 232
50282 50301 220
50299 50333 114
50302 50351 176
50314 50363 160
50330 50379 31
50358 50379 123
50369 50373 37
50394 50412 266
50402 50418 80
50406 50431 82
50426 50433 5
50444 50473 200
50470 50491 168
50473 50500 226
50484 50513 14
50491 50497 159
50503 50527 185
50504 50511 123
50521 50557 246
50551 50553 27
50571 50596 244
50573 50623 74
50587 50614 239
50617 50625 170
50647 50688 51
50663 50688 23
50686 50701 297
50700 50747 300
50705 50720 5
50715 50721 24
50729 50747 94
50739 50767 192
50749 50798 71
50774 50777 264
50789 50792 151
50797 50802 225
50797 50803 254
50812 50851 106
50824 50852 143
50835 50852 206
50864 50880 299
50891 50897 259
50893 50941 63
50893 50931 16
50920 50937 101
50950 50954 114
50980 51019 237
50988 51010 21
51006 51041 27
51029 51060 206
51044 51056 28
51048 51084 297
51054 51095 179
51070 51078 144
51099 51102 15
51116 51119 79
51127 51151 274
51150 51164 216
51151 51177 124
51179 51209 271
51204 51210 19
51219 51267 56
51237 51284 61
51250 51286 15
51270 51315 196
51292 51325 168
51316 51323 157
51325 51357 83
51349 51357 294
51377 51407 154
51388 51426 43
51416 51446 71
51433 51478 84
51461 51471 41
51485 51520 160
51502 51506 63
51526 51537 36
51532 51534 212
51542 51572 5
51568 51587 288
51577 51611 192
51577 51610 295
51606 51636 102
51607 51646 169
51627 51675 284
51651 51677 296
51666 51711 51
51681 51710 90
51695 51699 200
51715 51738 204
51739 51783 142
51743 51783 177
51754 51761 195
51774 51778 292
51790 51818 229
51791 51813 256
51814 51832 168
51823 51854 73
51830 51854 227
51847 51874 295
51858 51895 2
51869 51895 86
51894 51907 119
51909 51929 71
51939 51957 246
51961 51982 256
51983 52008 118
52005 52048 86
52007 52045 6
52027 52033 221
52036 52038 213
52052 52077 288
52073 52099 227
52083 52109 173
52099 52107 39
52128 52153 257
52156 52173 99
52168 52204 90
52190 52195 127
52204 52224 241
52207 52251 250
52216 52232 250
52231 52264 153
52246 52252 219
52269 52317 277
52271 52277 76
52283 52294 90
52286 52329 177
52288 52331 84
52307 52324 20
52323 52330 212
52340 52361 203
52343 52349 217
52366 52406 21
52381 52384 233
52391 52401 168
52399 52404 156
52416 52419 83
52438 52442 267
52438 52453 114
52467 52480 299
52467 52471 185
52495 52515 80
52510 52533 296
52526 52549 113
52549 52562 100
52566 52594 111
52579 52610 275
52606 52639 250
52627 52642 159
52634 52683 177
52648 52691 162
52657 52678 219
52662 52684 153
52678 52727 16
52679 52702 179
52699 52731 275
52721 52766 198
52722 52737 254
52732 52746 157
52744 52775 99
52748 52791 134
52755 52782 39
52781 52790 146
52792 52825 295
52810 52852 264
52813 52825 62
52818 52849 80
52831 52879 186
52843 52866 28
52856 52872 237
52879 52900 95
52896 52909 280
52902 52937 121
52910 52934 110
52932 52939 82
52957 52974 117
52968 53018 82
52971 53007 206
52995 53026 7
53015 53065 164
53041 53061 184
53071 53108 128
53076 53113 130
53089 53121 7
53111 53121 96
53123 53170 189
53137 53166 55
53162 53187 17
53192 53235 120
53205 53235 45
53211 53253 273
53240 53282 47
53247 53254 285
53274 53278 226
53296 53320 92
53312 53331 69
53316 53360 100
53346 53391 53
53349 53372 168
53358 53389 44
53382 53403 178
53406 53417 173
53411 53449 98
53423 53464 20
53449 53477 4
53455 53487 58
53455 53460 41
53464 53481 296
53487 53512 26
53517 53550 208
53531 53548 254
53561 53601 202
53585 53598 240
53609 53640 125
53621 53658 181
53634 53674 124
53662 53704 78
53680 53730 46
53708 53726 261
53709 53712 227
53728 53734 49
53755 53757 151
53768 53818 167
53777 53810 54
53781 53813 94
53808 53825 120
53829 53848 229
53844 53866 171
53859 53870 14
53887 53918 277
53887 53925 282
53888 53927 182
53909 53911 215
53920 53970 127
53928 53966 124
53934 53944 219
53943 53967 80
53963 53987 209
53987 54034 222
54017 54065 144
54045 54085 66
54061 54075 228
54090 54112 297
54094 54120 159
54100 54118 131
54101 54140 226
54118 54131 9
54139 54168 33
54160 54172 272
54180 54225 258
54182 54191 11
54182 54209 111
54210 54214 182
54230 54262 252
54236 54272 254
54244 54281 7
54273 54317 299
54273 54308 166
54288 54291 202
54310 54321 195
54326 54363 142
54327 54337 227
54353 54388 109
54362 54401 284
54392 54398 255
54411 54432 64
54421 54456 175
54432 54434 272
54432 54462 211
54437 54457 173
54452 54502 268
54478 54514 179
54505 54507 29
54529 54553 227
54554 54560 100
54575 54598 16
54580 54630 268
54595 54627 157
54618 54620 260
54638 54678 19
54648 54651 68
54669 54700 56
54672 54680 75
54700 54722 69
54728 54774 272
54740 54742 149
54758 54774 142
54779 54796 226
54805 54845 82
54828 54839 251
54843 54856 113
54866 54898 293
54884 54911 14
54898 54941 114
54904 54954 85
54906 54946 149
54911 54955 106
54926 54966 237
54931 54970 230
54955 54988 287
54970 54986 250
54999 55013 222
55011 55016 159
55034 55053 144
55050 55090 209
55062 55095 48
55088 55135 186
55099 55144 38
55117 55127 90
55135 55185 25
55135 55166 94
55137 55159 280
55140 55157 271
55158 55186 290
55166 55188 40
55171 55204 229
55174 55220 71
55189 55193 36
55202 55246 82
55216 55241 183
55231 55260 294
55259 55280 209
55265 55290 56
55291 55327 91
55298 55322 30
55300 55333 270
55322 55327 256
55331 55381 200
55349 55370 92
55376 55425 177
55381 55396 255
55385 55392 36
55398 55435 102
55420 55470 290
55440 55460 208
55446 55484 300
55456 55458 101
55469 55487 164
55490 55536 71
55500 55526 242
55510 55541 133
55533 55536 274
55554 55557 146
55579 55619 180
55607 55636 148
55616 55629 74
55646 55680 80
55647 55683 213
55655 55665 8
55667 55705 134
55667 55688 43
55667 55680 91
55667 55713 74
55688 55725 233
55709 55739 20
55738 55742 100
55763 55772 220
55772 55774 189
55777 55827 135
55801 55837 190
55804 55837 35
55829 55868 186
55830 55864 17
55860 55870 135
55888 55899 118
55911 55944 199
55933 55983 62
55939 55968 296
55961 55980 198
55989 56016 56
56006 56047 64
56026 56053 97
56046 56092 244
56057 56082 17
56065 56107 4
56074 56093 165
56103 56107 124
56120 56159 133
56148 56197 63
56168 56176 249
56170 56208 213
56182 56231 211
56205 56208 97
56213 56239 24
56218 56254 288
56224 56274 289
56230 56267 183
56251 56289 277
56261 56282 59
56273 56296 90
56285 56323 194
56294 56296 275
56320 56323 61
56344 56356 33
56355 56375 97
56378 56414 244
56392 56421 104
56407 56423 205
56408 56457 107
56435 56447 2
56451 56460 236
56451 56472 231
56472 56514 289
56482 56509 188
56512 56525 180
56535 56573 158
56558 56599 84
56577 56580 53
56589 56595 247
56606 56646 204
56633 56655 35
56637 56668 91
56644 56691 287
56648 56684 40
56654 56657 33
56665 56680 121
56671 56713 290
56673 56706 93
56683 56699 28
56709 56746 98
56737 56741 167
56743 56746 234
56770 56807 114
56799 56810 128
56822 56863 226
56825 56861 259
56848 56850 77
56870 56916 54
56872 56877 102
56875 56895 54
56901 56938 143
56901 56929 14
56923 56944 252
56939 56940 196
56949 56950 215
56960 56978 135
56965 56974 286
56993 57022 151
57002 57042 143
57003 57036 141
57010 57053 114
57023 57030 78
57043 57050 49
57061 57089 16
57090 57136 89
57107 57139 266
57128 57146 104
57147 57169 215
57162 57184 24
57172 57218 144
57182 57222 259
57204 57234 165
57207 57219 143
57236 57262 187
57238 57267 156
57264 57297 86
57284 57319 240
57307 57339 186
57325 57373 201
57343 57377 60
57355 57364 60
57378 57424 246
57408 57428 86
57409 57439 191
57436 57446 140
57452 57458 39
57455 57479 96
57464 57471 173
57470 57519 65
57471 57504 80
57488 57489 242
57501 57522 31
57528 57546 136
57542 57565 90
57562 57607 23
57576 57610 204
57577 57587 25
57578 57594 52
57583 57620 214
57595 57606 82
57624 57650 294
57654 57666 82
57661 57679 134
57671 57711 95
57687 57708 66
57698 57732 54
57698 57715 236
57723 57752 21
57734 57749 73
57755 57757 187
57768 57781 150
57769 57801 118
57783 57799 241
57788 57815 282
57815 57826 118
57827 57856 240
57830 57837 197
57836 57867 73
57851 57869 139
57876 57884 180
57900 57926 164
57919 57967 187
57939 57968 43
57959 57999 97
57959 57973 71
57960 58004 20
57963 57992 83
57971 58016 24
57981 57982 224
57993 58017 274
58004 58026 201
58015 58034 283
58030 58036 117
58056 58077 114
58059 58074 157
58065 58111 219
58080 58089 51
58086 58098 190
58094 58121 122
58103 58145 83
58115 58129 10
58116 58140 211
58122 58155 198
58126 58176 144
58155 58171 240
58164 58205 37
58169 58216 163
58188 58195 155
58199 58230 196
58229 58246 80
58232 58276 253
58234 58268 292
58244 58269 165
58273 58280 10
58294 58341 249
58316 58319 252
58320 58324 40
58348 58369 99
58359 58383 300
58373 58393 200
58373 58423 274
58385 58406 184
58397 58434 169
58424 58449 5
58444 58456 269
58465 58512 113
58487 58502 287
58493 58504 145
58512 58520 32
58525 58533 107
58540 58552 206
58541 58545 239
58556 58579 72
58562 58603 183
58565 58571 211
58565 58568 242
58594 58644 172
58608 58626 120
58612 58632 83
58623 58630 141
58636 58680 216
58642 58658 212
58644 58663 114
58673 58720 58
58674 58693 112
58702 58739 264
58722 58770 19
58744 58762 173
58766 58780 248
58773 58817 57
58800 58839 253
58804 58838 9
58819 58844 233
58847 58895 293
58855 58859 162
58880 58913 294
58884 58903 207
58912 58924 272
58925 58947 176
58951 58961 193
58978 59010 113
58986 59036 221
59003 59008 26
59032 59067 115
59042 59075 153
59065 59083 153
59072 59084 188
59101 59141 107
59113 59161 34
59129 59136 135
59130 59133 133
59138 59159 2
59140 59184 257
59158 59185 78
59174 59203 279
59197 59218 74
59210 59229 45
59228 59248 274
59255 59299 79
59270 59279 145
59297 59325 189
59318 59365 116
59339 59352 271
59339 59357 174
59358 59398 138
59378 59413 154
59400 59418 30
59404 59442 108
59416 59434 226
59441 59446 102
59454 59489 160
59467 59473 90
59467 59492 156
59484 59485 283
59484 59501 11
59503 59506 58
59528 59558 285
59529 59541 196
59541 59570 257
59571 59576 298
59578 59621 84
59583 59617 82
59600 59619 265
59612 59655 285
59631 59680 192
59644 59677 279
59651 59695 103
59675 59703 65
59676 59710 136
59686 59690 243
59696 59703 78
59711 59721 133
59741 59743 89
59751 59793 240
59759 59800 219
59761 59767 71
59782 59818 8
59787 59800 84
59793 59802 140
59823 59827 294
59845 59872 19
59856 59866 33
59872 59880 122
59895 59929 115
59923 59956 64
59936 59954 49
59955 59996 284
59959 59971 207
59972 59997 158
60000 60008 15
60027 60038 217
60041 60056 227
60062 60085 113
60082 60092 225
60112 60151 163
60135 60161 251
60147 60157 32
60153 60186 235
60163 60174 74
60170 60205 148
60173 60175 46
60190 60219 119
60212 60225 138
60215 60222 290
60237 60251 178
60240 60268 237
60258 60307 295
60286 60298 113
60314 60338 134
60335 60378 181
60352 60363 171
60355 60367 29
60363 60373 103
60367 60381 206
60372 60407 289
60396 60397 234
60418 60449 226
60443 60451 279
60464 60508 159
60478 60486 69
60501 60551 261
60516 60545 154
60544 60566 180
60555 60597 6
60563 60601 62
60583 60616 147
60599 60625 58
60614 60623 162
60621 60643 215
60649 60673 242
60664 60708 267
60694 60720 136
60720 60737 245
60732 60757 149
60734 60754 54
60744 60746 254
60756 60792 153
60777 60814 133
60781 60791 62
60787 60800 212
60812 60833 188
60821 60862 151
60843 60847 13
60852 60880 284
60871 60887 205
60884 60931 20
60911 60920 294
60912 60944 154
60942 60973 240
60956 60991 38
60968 60976 256
60976 61018 193
60990 61023 199
60991 61016 185
61014 61018 7
61044 61055 99
61070 61093 195
61071 61115 28
61076 61115 77
61089 61113 4
61102 61110 24
61104 61143 143
61128 61161 133
61149 61161 213
61176 61197 229
61202 61220 24
61204 61205 155
61225 61273 101
61251 61288 237
61257 61270 56
61268 61284 188
61295 61317 103
61300 61312 6
61325 61363 297
61350 61360 159
61374 61378 296
61391 61428 13
61417 61451 179
61421 61467 148
61449 61495 124
61454 61486 218
61470 61501 185
61474 61478 181
61493 61538 200
61514 61552 173
61540 61581 57
61556 61558 13
61568 61618 200
61575 61597 221
61600 61626 99
61629 61656 131
61634 61637 247
61652 61661 292
61678 61684 280
61684 61713 76
61700 61723 157
61703 61735 248
61703 61707 263
61720 61733 216
61747 61784 184
61772 61812 185
61797 61811 163
61811 61854 50
61829 61831 80
61844 61868 78
61850 61859 52
61858 61899 114
61877 61896 298
61900 61913 140
61925 61933 97
61932 61982 27
61955 61982 259
61972 61985 113
61988 62033 272
61993 62001 72
62009 62015 161
62014 62058 276
62030 62056 24
62036 62085 130
62045 62070 177
62072 62114 191
62076 62082 67
62099 62120 84
62122 62160 139
62149 62161 77
62176 62225 294
62206 62254 29
62231 62253 6
62254 62290 105
62282 62297 97
62299 62322 95
62312 62345 68
62331 62344 143
62345 62355 288
62345 62366 65
62360 62392 112
62387 62432 241
62396 62424 78
62403 62434 243
62432 62442 38
62454 62503 169
62468 62508 87
62485 62513 35
62498 62516 156
62523 62549 271
62551 62574 178
62578 62611 282
62582 62590 90
62608 62636 237
62616 62662 172
62629 62639 295
62630 62667 189
62640 62666 202
62641 62663 242
62661 62664 240
62668 62693 29
62678 62685 48
62692 62696 20
62708 62724 274
62734 62755 135
62746 62762 100
62765 62771 201
62777 62795 279
62778 62804 266
62797 62816 69
62822 62838 263
62841 62885 108
62850 62879 119
62863 62886 186
62870 62873 116
62892 62897 226
62903 62924 253
62919 62969 188
62943 62945 286
62949 62967 214
62966 62997 5
62984 63015 88
62985 62993 277
63009 63017 54
63037 63077 223
63061 63065 251
63065 63071 199
63070 63094 279
63089 63129 249
63090 63097 239
63100 63133 273
63128 63130 39
63157 63194 134
63170 63171 23
63191 63219 27
63208 63256 181
63217 63218 154
63235 63264 55
63255 63262 216
63267 63299 252
63267 63290 147
63272 63302 17
63286 63327 197
63286 63299 37
63307 63344 32
63326 63342 242
63349 63371 244
63369 63377 273
63374 63399 155
63398 63410 66
63401 63404 7
63405 63408 284
63435 63461 211
63438 63480 88
63460 63497 156
63480 63529 213
63488 63511 133
63506 63550 280
63516 63536 59
63539 63583 113
63541 63568 135
63563 63568 287
63582 63583 235
63593 63609 178
63618 63635 217
63644 63664 252
63662 63678 133
63685 63726 175
63688 63700 223
63714 63716 174
63742 63762 59
63768 63807 228
63769 63818 191
63783 63796 65
63805 63844 148
63829 63833 181
63831 63853 126
63832 63875 183
63856 63890 21
63883 63929 161
63911 63913 46
63912 63949 215
63942 63977 285
63963 63997 100
63979 63995 206
63992 64031 23
64008 64019 147
64031 64051 161
64038 64073 91
64054 64057 2
64061 64110 113
64061 64079 60
64090 64123 5
64100 64148 264
64117 64138 131
64127 64132 77
64130 64135 285
64137 64149 290
64160 64184 257
64163 64197 177
64172 64177 77
64194 64207 283
64202 64203 167
64219 64237 131
64244 64272 58
64259 64304 104
64263 64306 232
64286 64321 98
64306 64314 114
64320 64337 266
64332 64343 119
64344 64392 37
64371 64413 35
64373 64400 136
64401 64450 281
64423 64425 113
64429 64459 143
64442 64455 266
64452 64484 85
64466 64470 116
64481 64496 230
64508 64514 216
64533 64535 54
64550 64590 205
64574 64588 248
64603 64623 242
64608 64622 300
64633 64683 34
64638 64650 117
64668 64678 81
64687 64695 291
64710 64734 19
64734 64749 256
64741 64749 190
64758 64766 123
64761 64785 235
64781 64788 231
64781 64820 51
64795 64844 225
64824 64838 253
64838 64856 213
64864 64897 266
64874 64883 264
64876 64925 111
64878 64888 237
64905 64921 284
64922 64951 179
64935 64951 94
64938 64942 238
64958 64981 290
64973 64978 296
64993 65012 172
65016 65033 89
65029 65076 185
65037 65086 182
65048 65054 296
65050 65069 177
65080 65082 136
65099 65128 251
65118 65120 52
65128 65154 176
65144 65176 205
65168 65207 201
65176 65199 248
65177 65203 57
65188 65208 295
65210 65252 296
65238 65253 223
65248 65250 177
65276 65282 46
65304 65328 252
65309 65346 261
65317 65356 234
65343 65364 176
65373 65415 117
65393 65426 157
65399 65429 104
65400 65434 111
65421 65425 73
65423 65440 212
65445 65446 294
65467 65506 222
65494 65527 254
65514 65536 185
65523 65547 237
65524 65546 154
65529 65532 204
65546 65574 25
65548 65561 5
65560 65601 80
65564 65606 136
65564 65608 98
65567 65570 142
65591 65619 15
65611 65647 47
65623 65633 93
65627 65668 268
65646 65652 93
65676 65685 182
65677 65689 228
65698 65745 149
65705 65720 5
65727 65749 31
65747 65759 153
65751 65762 79
65773 65808 273
65790 65807 196
65820 65859 72
65833 65865 269
65835 65876 235
65860 65896 97
65869 65919 149
65869 65891 224
65892 65914 66
65918 65946 108
65938 65953 281
65964 66010 98
65988 65989 143
65994 66003 259
65996 66035 218
66005 66012 148
66013 66017 101
66034 66076 115
66034 66065 227
66048 66064 123
66049 66065 14
66074 66076 74
66082 66122 295
66109 66159 250
66128 66134 175
66156 66168 196
66182 66216 14
66206 66215 22
66229 66278 124
66257 66278 279
66272 66297 297
66290 66332 124
66306 66324 89
66325 66363 84
66328 66371 29
66348 66364 60
66372 66395 223
66395 66445 8
66404 66410 222
66410 66456 226
66429 66466 20
66453 66487 21
66454 66498 58
66459 66472 14
66471 66507 123
66493 66514 13
66515 66545 17
66524 66542 80
66538 66552 101
66559 66592 70
66585 66623 75
66609 66628 15
66615 66663 81
66641 66663 239
66646 66666 296
66658 66686 183
66677 66718 191
66702 66708 151
66725 66770 58
66737 66758 273
66744 66745 300
66751 66772 134
66773 66809 13
66776 66823 67
66803 66831 39
66821 66867 247
66838 66841 138
66861 66891 232
66886 66936 70
66915 66945 83
66916 66922 30
66941 66950 150
66963 66994 138
66981 66987 31
66998 67038 43
67004 67039 105
67020 67061 103
67032 67041 28
67044 67050 157
67071 67116 118
67097 67139 125
67125 67135 16
67131 67177 176
67156 67188 180
67165 67183 47
67188 67206 95
67217 67262 55
67229 67247 123
67238 67275 28
67253 67295 125
67271 67274 177
67294 67344 242
67300 67347 120
67330 67372 100
67347 67356 6
67351 67353 226
67375 67412 7
67381 67424 124
67397 67421 73
67398 67446 79
67418 67461 137
67444 67453 89
67452 67474 229
67473 67510 198
67484 67524 172
67498 67525 58
67511 67526 102
67541 67553 220
67566 67603 78
67585 67623 40
67588 67636 268
67614 67621 164
67642 67656 228
67643 67669 263
67649 67693 194
67663 67692 29
67687 67731 295
67716 67717 192
67724 67730 88
67752 67759 29
67757 67779 49
67765 67791 63
67765 67789 61
67789 67827 275
67811 67820 148
67835 67877 180
67862 67901 136
67887 67918 287
67913 67928 175
67923 67945 177
67946 67949 26
67972 67986 64
67992 68005 181
68006 68025 280
68018 68031 19
68030 68080 92
68041 68060 86
68052 68061 11
68077 68084 261
68103 68139 134
68132 68181 36
68138 68169 146
68154 68168 19
68163 68173 23
68185 68206 125
68205 68253 167
68219 68258 207
68235 68268 43
68261 68269 7
68267 68268 283
68289 68335 26
68311 68345 123
68329 68331 88
68354 68386 163
68362 68384 88
68390 68413 257
68400 68434 11
68424 68460 292
68447 68452 208
68477 68505 11
68482 68530 284
68497 68531 238
68500 68539 188
68522 68533 196
68528 68534 37
68530 68578 39
68544 68564 163
68573 68622 96
68582 68587 33
68610 68642 75
68622 68655 186
68628 68651 218
68629 68637 263
68649 68674 270
68654 68657 150
68675 68689 117
68705 68737 34
68708 68752 102
68726 68764 32
68756 68770 113
68774 68816 64
68776 68784 28
68791 68809 220
68820 68822 26
68835 68863 51
68853 68872 220
68867 68896 155
68892 68924 2
68893 68901 188
68902 68944 203
68903 68947 43
68921 68936 269
68941 68963 57
68948 68992 55
68948 68957 237
68974 68986 180
68995 69040 94
68997 69034 208
69021 69045 271
69021 69032 175
69045 69070 169
69075 69118 276
69082 69108 6
69108 69127 20
69132 69138 228
69150 69162 201
69154 69164 177
69169 69192 118
69193 69222 252
69197 69234 192
69225 69230 274
69252 69276 197
69272 69292 212
69288 69292 83
69289 69315 129
69307 69355 37
69318 69365 186
69328 69351 11
69355 69386 137
69380 69425 144
69391 69411 142
69407 69449 262
69434 69446 82
69458 69489 131
69488 69528 124
69498 69543 255
69499 69546 222
69517 69550 36
69544 69580 182
69571 69601 166
69576 69597 52
69590 69596 280
69599 69603 40
69600 69648 214
69627 69673 257
69632 69633 120
69658 69670 176
69672 69707 116
69700 69724 79
69706 69718 273
69730 69769 59
69744 69769 71
69770 69789 66
69795 69839 138
69803 69838 190
69819 69821 292
69821 69857 236
69839 69871 81
69858 69868 217
69861 69898 211
69874 69912 232
69891 69937 21
69903 69951 113
69920 69959 135
69946 69950 151
69948 69962 297
69960 69990 173
69982 70014 70
69989 70033 186
70006 70050 141
70029 70063 20
70057 70068 285
70068 70115 195
70095 70110 171
70106 70124 42
70133 70162 274
70153 70164 69
70165 70187 275
70174 70192 221
70190 70217 299
70195 70205 62
70203 70247 117
70207 70231 272
70228 70264 143
70257 70293 72
70273 70319 254
70299 70337 201
70299 70304 246
70325 70346 260
70350 70374 150
70372 70383 115
70400 70432 264
70419 70466 107
70424 70467 287
70450 70471 198
70472 70500 142
70483 70532 29
70497 70547 194
70510 70520 244
70536 70537 164
70548 70567 243
70559 70605 81
70580 70599 254
70604 70646 110
70608 70628 8
70611 70637 227
70626 70663 50
70631 70679 184
70636 70654 288
70648 70665 98
70664 70703 163
70688 70720 271
70695 70744 58
70702 70719 132
70724 70756 227
70733 70751 12
70750 70781 45
70777 70822 100
70787 70803 199
70810 70856 127
70827 70867 23
70839 70883 76
70864 70905 9
70882 70895 99
70889 70929 165
70909 70926 216
70918 70936 209
70919 70936 120
70928 70933 53
70934 70961 41
70954 70979 33
70972 70993 164
70997 71031 52
71008 71019 73
71028 71040 293
71040 71067 49
71065 71071 59
71066 71081 87
71082 71107 286
71083 71088 94
71100 71123 199
71127 71159 179
71140 71155 83
71162 71206 50
71184 71200 195
71197 71226 233
71207 71235 249
71212 71259 146
71231 71241 137
71252 71273 288
71279 71286 43
71307 71312 166
71336 71363 103
71349 71384 296
71357 71364 50
71371 71410 281
71382 71391 134
71389 71404 76
71404 71412 294
71424 71454 215
71452 71482 262
71457 71474 244
71463 71474 167
71463 71497 25
71480 71502 33
71509 71543 286
71535 71540 168
71535 71570 90
71547 71587 273
71553 71561 203
71563 71597 292
71573 71576 61
71587 71621 101
71614 71621 276
71631 71633 84
71633 71667 37
71653 71675 240
71675 71703 204
71696 71737 101
71699 71749 190
71706 71718 228
71723 71729 77
71740 71772 257
71758 71783 69
71786 71816 281
71791 71840 83
71791 71839 30
71810 71842 112
71814 71850 4
71833 71846 284
71858 71881 269
71885 71900 192
71904 71909 144
71904 71927 72
71923 71945 52
71923 71962 261
71949 71956 220
71977 72012 210
71978 72012 252
71981 72031 288
71999 72019 180
72011 72015 295
72036 72045 168
72065 72094 268
72084 72102 200
72114 72145 232
72143 72146 58
72165 72194 61
72175 72209 167
72177 72187 161
72186 72214 142
72216 72232 24
72231 72233 298
72241 72289 231
72252 72266 194
72273 72291 269
72279 72290 15
72289 72325 148
72292 72341 68
72299 72349 36
72327 72362 174
72342 72363 239
72347 72375 31
72350 72369 96
72374 72405 111
72396 72416 166
72414 72446 61
72439 72488 30
72441 72447 248
72442 72480 289
72466 72507 278
72487 72502 123
72487 72516 179
72516 72545 52
72528 72575 283
72548 72589 222
72572 72588 41
72582 72618 285
72588 72625 10
72609 72658 6
72621 72628 271
72624 72635 255
72627 72657 48
72638 72673 213
72654 72699 138
72677 72678 258
72679 72720 229
72687 72699 156
72687 72713 250
72699 72741 194
72712 72738 213
72741 72756 223
72752 72759 18
72781 72814 296
72788 72806 91
72791 72833 201
72819 72866 155
72844 72882 79
72864 72881 175
72890 72911 62
72898 72932 263
72909 72930 137
72909 72924 271
72937 72971 28
72941 72960 42
72954 72968 56
72971 73001 174
72984 72998 245
72999 73047 298
73015 73055 77
73021 73040 250
73023 73024 117
73030 73071 150
73044 73093 53
73064 73109 66
73076 73113 79
73097 73109 282
73100 73130 182
73110 73131 231
73135 73137 179
73155 73159 262
73155 73205 58
73166 73195 45
73187 73209 119
73205 73207 186
73229 73240 91
73233 73269 55
73263 73304 75
73266 73295 47
73266 73306 159
73267 73312 152
73286 73303 272
73297 73315 112
73299 73327 198
73317 73365 50
73317 73362 21
73327 73367 227
73351 73374 155
73352 73359 94
73374 73380 232
73392 73418 24
73402 73449 256
73423 73464 24
73437 73472 227
73446 73486 34
73473 73513 134
73502 73525 89
73522 73562 259
73537 73580 17
73563 73602 73
73569 73588 151
73577 73603 16
73601 73607 243
73608 73632 93
73623 73643 15
73628 73651 121
73640 73661 104
73648 73682 282
73650 73651 52
73666 73686 227
73667 73678 134
73682 73706 291
73708 73741 203
73724 73757 292
73730 73750 8
73730 73734 78
73745 73748 298
73752 73790 19
73769 73789 88
73772 73815 224
73779 73796 100
73806 73835 149
73815 73831 159
73820 73841 126
73838 73886 29
73867 73877 210
73884 73932 205
73894 73921 187
73905 73945 261
73931 73964 274
73953 73959 228
73957 73986 94
73962 74009 60
73969 73999 41
73972 73986 25
73999 74018 197
74015 74016 154
74033 74037 66
74038 74082 291
74066 74108 60
74081 74127 227
74111 74129 173
74111 74145 149
74116 74159 217
74119 74144 102
74120 74168 102
74128 74162 295
74139 74185 264
74168 74175 36
74195 74224 28
74201 74249 47
74215 74232 72
74234 74272 223
74243 74251 15
74248 74286 247
74255 74297 224
74257 74262 64
74283 74325 288
74286 74335 179
74305 74319 47
74308 74311 129
74322 74347 233
74352 74379 15
74371 74376 19
74389 74418 17
74407 74425 51
74422 74458 16
74432 74439 6
74441 74487 164
74449 74459 113
74464 74499 199
74494 74505 147
74501 74523 77
74505 74553 242
74506 74523 225
74514 74529 29
74535 74584 49
74558 74580 97
74569 74585 258
74590 74635 68
74600 74612 74
74614 74650 29
74627 74629 128
74629 74671 73
74645 74662 208
74672 74679 251
74684 74690 153
74712 74754 93
74740 74750 189
74766 74773 130
74778 74826 18
74799 74821 70
74800 74827 102
74818 74856 37
74838 74839 226
74852 74872 127
74866 74876 18
74877 74880 155
74877 74889 130
74896 74929 49
74916 74949 29
74921 74950 48
74934 74968 54
74964 74996 117
74980 75004 117
75003 75037 279
75017 75050 141
75027 75075 77
75051 75064 59
75057 75084 20
75079 75120 266
75104 75154 106
75124 75167 246
75146 75168 48
75173 75176 64
75192 75237 82
75194 75231 268
75194 75226 16
75209 75255 85
75227 75253 96
75246 75257 146
75250 75290 270
75256 75276 290
75265 75308 232
75274 75288 159
75298 75327 182
75321 75323 206
75337 75338 183
75338 75363 130
75367 75384 9
75379 75397 111
75399 75449 275
75415 75436 194
75445 75472 268
75464 75484 230
75492 75504 8
75512 75528 293
75541 75585 140
75569 75603 21
75592 75600 152
75619 75654 63
75635 75664 128
75641 75654 16
75652 75667 44
75680 75728 222
75687 75715 78
75703 75708 113
75708 75752 218
75729 75750 245
75730 75777 128
75736 75777 232
75761 75782 296
75786 75815 54
75795 75829 210
75798 75821 42
75825 75875 100
75840 75861 25
75864 75908 76
75894 75909 111
75921 75950 191
75937 75955 43
75942 75971 255
75945 75972 245
75960 76002 261
75978 76019 232
75985 76023 244
75999 76012 55
76015 76042 168
76043 76064 131
76050 76076 205
76052 76086 46
