5000
5 22 113
29 78 276
59 107 172
84 120 97
98 119 147
117 145 286
140 160 279
168 210 21
172 199 55
179 206 43
204 233 271
232 239 259
241 248 11
241 256 111
268 306 28
277 309 17
301 323 42
307 324 53
331 349 186
338 384 174
351 385 90
357 359 280
377 426 217
404 422 43
416 457 223
445 483 257
447 481 264
465 514 43
466 478 224
469 474 151
492 542 113
515 561 15
537 559 257
564 571 14
580 588 208
599 641 276
610 619 51
623 668 244
652 676 76
667 710 28
683 694 161
691 738 60
713 758 191
740 789 263
751 783 141
760 775 86
779 810 180
795 834 268
797 809 145
827 834 261
847 876 48
848 888 214
869 910 273
882 893 39
894 905 82
915 938 49
942 990 95
943 972 215
950 971 44
966 1008 238
966 987 167
989 1032 139
997 1039 243
1011 1013 275
1030 1058 73
1042 1070 81
1058 1108 179
1083 1098 100
1110 1151 261
1130 1166 261
1146 1172 297
1171 1187 27
1188 1235 60
1201 1250 263
1223 1240 84
1251 1282 41
1276 1325 206
1285 1325 161
1315 1362 188
1335 1356 267
1337 1361 211
1342 1355 223
1371 1390 105
1386 1396 280
1409 1448 93
1428 1429 294
1439 1489 48
1456 1498 49
1460 1508 26
1462 1493 265
1468 1473 58
1471 1516 197
1490 1534 258
1512 1517 18
1523 1552 188
1546 1580 26
1556 1606 275
1557 1597 241
1581 1615 209
1611 1625 242
1615 1653 55
1625 1646 82
1637 1678 119
1655 1691 110
1661 1705 33
1682 1685 116
1697 1701 178
1719 1758 92
1728 1749 82
1737 1785 33
1757 1804 222
1775 1798 201
1788 1830 151
1797 1822 172
1815 1849 79
1832 1882 70
1838 1881 183
1863 1899 51
1887 1910 234
1896 1906 125
1898 1931 45
1908 1943 288
1926 1963 81
1956 2003 129
1970 1971 284
1974 1998 183
1989 1993 216
2000 2024 75
2018 2067 209
2047 2085 298
2063 2078 146
2068 2104 223
2068 2098 223
2073 2101 27
2088 2097 235
2105 2135 294
2123 2146 14
2145 2157 300
2155 2167 277
2180 2226 216
2205 2252 257
2207 2210 56
2226 2245 280
2243 2279 239
2254 2296 243
2256 2274 83
2286 2318 255
2307 2337 160
2307 2323 138
2326 2354 34
2348 2390 134
2355 2393 265
2366 2390 171
2367 2376 192
2368 2395 101
2374 2414 223
2387 2430 48
2391 2402 190
2420 2454 174
2431 2476 290
2437 2461 167
2438 2461 187
2466 2501 110
2489 2535 243
2506 2509 57
2517 2533 201
2547 2569 299
2557 2598 97
2579 2602 121
2579 2618 44
2599 2620 109
2607 2631 230
2629 2652 87
2636 2659 139
2647 2697 158
2660 2687 264
2661 2675 104
2672 2681 221
2678 2680 186
2692 2721 108
2710 2735 30
2711 2727 88
2729 2744 6
2740 2772 4
2760 2794 44
2761 2789 257
2768 2804 214
2790 2792 70
2801 2847 230
2820 2863 253
2826 2863 72
2856 2871 217
2875 2924 191
2891 2901 150
2904 2945 160
2915 2942 139
2919 2957 200
2944 2949 286
2955 2962 44
2973 2974 227
2995 3007 146
3016 3042 266
3018 3063 171
3022 3037 127
3035 3047 264
3060 3104 208
3081 3128 158
3098 3143 74
3099 3105 39
3099 3135 243
3112 3124 20
3125 3144 220
3126 3157 18
3155 3184 95
3157 3190 274
3161 3195 109
3172 3187 294
3181 3229 196
3194 3196 191
3197 3202 66
3200 3207 173
3215 3220 289
3238 3250 167
3266 3291 185
3282 3293 287
3301 3336 88
3316 3356 111
3336 3342 140
3339 3358 243
3360 3390 287
3383 3393 249
3411 3459 279
3440 3477 279
3441 3479 46
3455 3468 120
3482 3502 59
3499 3541 238
3513 3559 214
3523 3569 217
3545 3575 247
3574 3594 135
3604 3631 130
3633 3636 181
3651 3697 81
3676 3689 230
3694 3720 79
3704 3734 164
3710 3725 56
3720 3721 180
3746 3793 44
3767 3789 154
3776 3807 220
3802 3812 113
3805 3823 195
3805 3846 250
3806 3837 8
3810 3829 148
3836 3870 17
3841 3860 215
3851 3852 71
3855 3903 239
3876 3915 158
3886 3931 272
3897 3932 25
3910 3952 43
3910 3937 221
3924 3929 19
3935 3940 284
3949 3984 96
3963 3966 81
3977 4017 257
4001 4002 43
4020 4051 159
4037 4047 237
4062 4110 28
4091 4099 92
4103 4152 193
4133 4147 17
4151 4156 192
4155 4204 2
4157 4172 49
4184 4203 225
4184 4222 86
4194 4237 263
4201 4240 27
4216 4237 271
4242 4252 44
4266 4293 232
4288 4313 124
4299 4339 72
4314 4337 112
4335 4357 288
4361 4403 200
4365 4400 125
4369 4380 206
4389 4439 211
4401 4429 134
4414 4439 116
4436 4483 137
4450 4470 82
4468 4486 78
4488 4524 241
4509 4525 242
4532 4568 131
4539 4562 164
4566 4614 179
4592 4600 173
4592 4632 174
4601 4636 245
4622 4630 192
4628 4651 71
4645 4689 269
4671 4691 293
4698 4703 288
4699 4723 102
4727 4775 25
4751 4762 38
4763 4774 122
4777 4782 5
4804 4831 47
4834 4853 53
4860 4889 271
4871 4915 114
4886 4912 296
4891 4899 167
4912 4958 255
4937 4972 131
4955 4963 105
4970 5002 287
4984 5005 58
5007 5032 112
5036 5065 127
5036 5064 119
5055 5090 271
5078 5083 166
5093 5134 139
5111 5140 150
5124 5139 77
5135 5142 35
5143 5189 281
5166 5191 245
5189 5231 295
5217 5226 90
5231 5266 78
5236 5255 118
5260 5281 107
5286 5313 154
5305 5320 198
5324 5339 277
5334 5370 39
5361 5409 212
5383 5412 165
5405 5455 53
5418 5464 164
5440 5487 56
5440 5449 209
5448 5472 96
5451 5464 187
5474 5507 168
5497 5502 57
5503 5528 123
5503 5520 177
5525 5566 152
5536 5545 292
5552 5576 171
5572 5616 151
5599 5618 261
5626 5635 162
5640 5651 172
5657 5689 265
5677 5681 283
5700 5709 107
5708 5725 237
5733 5741 96
5761 5767 208
5773 5807 166
5798 5833 221
5823 5847 272
5847 5857 99
5867 5902 186
5874 5898 28
5893 5899 28
5914 5922 180
5918 5937 296
5948 5996 283
5967 5988 233
5968 5974 27
5987 6006 42
6004 6031 288
6026 6036 147
6038 6083 135
6045 6051 264
6059 6097 71
6073 6086 175
6080 6119 15
6084 6100 170
6106 6115 86
6122 6151 154
6129 6143 18
6158 6165 183
6173 6211 177
6183 6228 156
6200 6241 1
6223 6226 16
6239 6278 297
6256 6263 255
6285 6323 197
6314 6319 295
6337 6356 97
6339 6384 157
6355 6397 106
6379 6384 187
6397 6398 235
6417 6419 15
6431 6446 291
6460 6467 165
6479 6516 176
6485 6502 164
6497 6533 183
6500 6545 280
6523 6565 199
6533 6559 65
6559 6560 79
6581 6610 149
6603 6604 39
6621 6647 126
6636 6681 110
6646 6663 91
6648 6685 30
6667 6701 249
6687 6710 26
6688 6713 158
6715 6726 200
6741 6745 149
6744 6780 52
6771 6818 199
6775 6784 38
6805 6838 142
6827 6852 223
6854 6874 217
6868 6902 107
6896 6918 176
6914 6917 8
6925 6971 56
6937 6962 16
6946 6951 123
6950 6967 66
6950 6961 72
6960 7006 170
6980 7012 80
6995 7023 270
6998 7048 234
7007 7033 240
7030 7060 216
7043 7047 276
7048 7095 264
7065 7094 31
7089 7128 224
7109 7133 217
7119 7122 15
7131 7157 141
7154 7176 105
7163 7195 289
7186 7211 134
7196 7199 22
7207 7238 44
7225 7269 138
7232 7247 97
7253 7255 266
7280 7328 255
7285 7294 125
7291 7330 190
7304 7319 261
7317 7355 252
7345 7377 275
7345 7357 85
7350 7395 36
7359 7365 16
7386 7398 54
7394 7398 160
7410 7427 246
7413 7423 51
7440 7475 263
7469 7479 16
7483 7487 237
7491 7516 38
7494 7529 148
7519 7541 200
7525 7561 142
7554 7581 252
7584 7631 68
7601 7625 29
7622 7653 276
7637 7650 35
7652 7685 142
7661 7670 199
7685 7700 68
7700 7743 242
7716 7724 223
7726 7765 170
7736 7766 134
7750 7792 47
7777 7814 188
7795 7804 270
7797 7820 244
7797 7842 85
7812 7834 115
7819 7823 206
7837 7838 229
7858 7877 107
7884 7908 119
7890 7940 191
7918 7968 159
7948 7953 73
7961 8004 122
7987 8025 87
8015 8028 195
8039 8066 41
8042 8075 6
8054 8060 7
8061 8087 203
8068 8103 283
8087 8109 59
8115 8165 57
8140 8168 93
8153 8160 158
8179 8226 259
8194 8216 182
8218 8225 200
8246 8253 109
8269 8313 113
8280 8292 171
8284 8333 131
8295 8328 123
8299 8336 37
8319 8341 273
8344 8385 175
8363 8413 157
8368 8406 58
8378 8399 274
8405 8440 27
8430 8431 140
8443 8474 162
8450 8479 9
8463 8486 35
8489 8534 250
8498 8505 141
8522 8537 146
8534 8573 217
8544 8580 206
8554 8603 203
8560 8562 248
8574 8624 167
8578 8602 174
8589 8629 66
8589 8608 259
8619 8642 279
8629 8660 226
8646 8673 109
8661 8675 162
8686 8688 24
8715 8739 39
8722 8728 49
8737 8774 218
8741 8783 34
8752 8764 186
8775 8819 33
8780 8826 231
8792 8830 152
8801 8837 203
8817 8855 97
8839 8873 159
8868 8906 283
8892 8898 153
8904 8915 214
8908 8954 69
8913 8937 5
8933 8945 65
8963 8995 165
8984 9004 294
9002 9037 123
9026 9041 207
9037 9074 289
9042 9045 171
9071 9106 247
9071 9104 88
9101 9106 216
9110 9133 227
9110 9130 114
9115 9145 119
9117 9153 119
9144 9188 132
9146 9174 230
9148 9179 219
9164 9170 187
9181 9187 221
9197 9218 153
9211 9215 48
9236 9269 280
9253 9263 155
9254 9285 5
9267 9301 4
9289 9300 295
9301 9318 26
9301 9318 129
9325 9352 65
9337 9383 113
9357 9397 243
9360 9392 188
9371 9382 128
9395 9403 58
9410 9427 200
9433 9447 161
9453 9455 129
9468 9508 237
9485 9523 83
9503 9547 260
9504 9532 155
9524 9541 203
9529 9553 104
9551 9577 121
9552 9602 212
9560 9609 23
9587 9624 49
9598 9631 92
9624 9625 11
9643 9685 29
9657 9676 293
9665 9702 180
9695 9713 135
9724 9753 300
9727 9751 223
9733 9765 270
9747 9791 245
9754 9795 281
9766 9791 64
9770 9777 46
9785 9795 202
9787 9813 8
9810 9850 233
9813 9826 259
9842 9883 18
9868 9890 115
9895 9915 95
9915 9956 118
9941 9984 116
9963 9995 159
9963 10004 254
9983 10020 57
9992 10029 17
10007 10020 112
10009 10043 6
10039 10053 47
10041 10063 154
10069 10077 181
10077 10122 121
10107 10151 168
10122 10154 213
10135 10144 142
10143 10158 157
10150 10169 159
10157 10167 125
10157 10187 211
10158 10207 279
10188 10226 191
10214 10258 176
10235 10242 213
10235 10236 212
10258 10297 290
10282 10306 124
10293 10321 196
10313 10363 155
10315 10317 288
10345 10390 16
10375 10389 95
10389 10411 247
10397 10406 283
10399 10403 47
10420 10443 140
10444 10487 223
10474 10480 238
10499 10540 208
10503 10520 291
10519 10541 138
10538 10539 89
10568 10605 88
10568 10574 189
10580 10583 239
10587 10634 148
10599 10602 57
10610 10616 4
10627 10634 77
10641 10685 56
10659 10687 237
10674 10699 188
10691 10728 299
10714 10743 62
10735 10755 195
10752 10785 10
10759 10776 262
10788 10837 149
10789 10806 252
10816 10829 47
10840 10852 68
10863 10875 279
10892 10893 39
10899 10931 44
10908 10946 101
10923 10955 17
10932 10982 137
10950 10998 160
10971 11011 117
10995 11006 174
11015 11042 69
11044 11092 240
11062 11102 180
11076 11115 100
11089 11106 272
11114 11161 77
11130 11180 265
11147 11159 123
11155 11183 128
11170 11192 224
11197 11225 228
11215 11257 247
11218 11247 282
11223 11245 8
11224 11271 87
11252 11285 86
11266 11288 263
11268 11317 31
11273 11291 169
11295 11327 162
11324 11356 16
11346 11386 180
11350 11400 75
11368 11404 43
11396 11423 141
11407 11424 63
11432 11435 137
11449 11451 230
11452 11498 27
11464 11480 212
11490 11532 294
11490 11495 297
11514 11541 133
11522 11555 127
11528 11549 79
11544 11548 175
11566 11606 261
11586 11597 90
11614 11626 44
11632 11678 181
11653 11673 159
11658 11675 58
11678 11710 228
11699 11735 93
11712 11740 56
11734 11754 233
11740 11764 59
11757 11762 160
11761 11802 134
11790 11800 125
11818 11850 199
11832 11861 92
11858 11865 187
11870 11887 81
11880 11881 147
11883 11926 245
11912 11953 263
11924 11971 266
11928 11959 6
11938 11977 286
11948 11969 164
11975 12007 87
11985 12027 172
12000 12017 241
12027 12057 190
12039 12088 66
12052 12062 252
12073 12102 279
12091 12094 245
12102 12149 52
12108 12111 68
12121 12132 5
12131 12179 59
12158 12197 200
12186 12195 17
12214 12253 90
12214 12262 248
12217 12241 292
12240 12286 154
12245 12260 110
12247 12267 127
12249 12252 144
12259 12264 255
12282 12315 19
12312 12328 38
12317 12344 92
12345 12368 287
12353 12368 69
12356 12389 232
12385 12435 210
12386 12436 38
12401 12440 93
12424 12440 49
12441 12464 297
12464 12514 75
12484 12519 175
12501 12527 244
12505 12520 206
12513 12555 232
12524 12529 150
12541 12568 29
12541 12553 152
12544 12547 233
12564 12582 264
12573 12581 96
12593 12633 116
12600 12632 156
12623 12667 170
12641 12643 217
12655 12700 172
12657 12696 28
12679 12697 187
12689 12694 51
12700 12728 267
12716 12717 44
12746 12791 44
12754 12770 256
12780 12784 237
12780 12799 59
12782 12818 110
12785 12829 33
12811 12817 64
12835 12884 123
12836 12837 100
12854 12903 244
12869 12904 82
12881 12893 209
12897 12918 278
12903 12935 266
12910 12957 127
12937 12972 74
12954 12978 85
12978 12979 245
12994 13008 49
13004 13014 109
13028 13067 101
13042 13056 171
13056 13105 21
13069 13089 160
13072 13085 142
13098 13142 246
13109 13138 103
13130 13162 203
13152 13168 165
13172 13173 155
13195 13197 186
13212 13243 57
13237 13276 122
13242 13253 11
13250 13274 45
13255 13303 128
13261 13309 2
13263 13312 10
13282 13283 170
13301 13322 170
13311 13324 121
13330 13348 165
13341 13383 176
13363 13396 199
13375 13409 102
13377 13424 71
13380 13424 194
13384 13420 97
13399 13422 124
13426 13450 117
13456 13481 5
13461 13474 8
13463 13494 267
13486 13487 255
13515 13555 267
13524 13555 126
13525 13566 90
13549 13552 79
13566 13600 8
13594 13610 157
13617 13623 115
13626 13627 75
13649 13675 121
13666 13710 50
13685 13730 20
13711 13758 101
13715 13725 290
13715 13754 149
13724 13761 139
13742 13763 54
13767 13787 17
13772 13789 34
13794 13798 157
13811 13819 135
13821 13853 295
13822 13861 161
13832 13857 153
13841 13876 179
13867 13887 199
13868 13907 248
13872 13878 216
13880 13930 202
13881 13902 37
13895 13935 27
13908 13924 209
13919 13951 233
13947 13960 221
13976 13980 112
13992 14019 125
14009 14018 155
14021 14048 115
14046 14079 212
14054 14082 47
14067 14086 159
14077 14118 225
14094 14136 85
14103 14152 51
14116 14145 169
14143 14174 19
14165 14189 196
14193 14237 228
14220 14225 210
14228 14262 260
14233 14238 82
14255 14287 126
14261 14293 114
14287 14309 183
14299 14318 98
14316 14366 1
14346 14356 16
14355 14383 178
14384 14412 108
14398 14433 62
14407 14428 279
14426 14464 36
14435 14438 152
14452 14487 120
14467 14502 164
14486 14493 233
14506 14554 261
14514 14516 218
14515 14556 108
14539 14582 125
14546 14588 32
14570 14594 118
14574 14604 79
14589 14618 135
14594 14596 229
14598 14604 36
14614 14621 292
14644 14654 116
14665 14695 44
14682 14711 172
14684 14709 292
14688 14714 19
14695 14710 169
14703 14745 108
14726 14761 257
14743 14762 263
14748 14775 13
14772 14786 63
14772 14798 148
14789 14831 100
14816 14840 271
14836 14874 58
14866 14899 45
14883 14915 166
14888 14924 21
14900 14921 274
14928 14966 183
14930 14947 68
14936 14981 94
14945 14947 195
14959 14976 30
14978 15000 203
14981 14983 77
14995 15033 243
14997 15035 172
15011 15049 154
15015 15047 239
15042 15053 111
15069 15115 29
15085 15098 299
15088 15099 72
15088 15109 211
15115 15161 18
15137 15183 255
15144 15166 55
15170 15198 10
15171 15202 77
15173 15204 125
15201 15223 283
15208 15256 279
15224 15258 151
15232 15237 231
15234 15244 156
15263 15280 23
15272 15315 90
15291 15311 162
15301 15310 86
15318 15329 189
15341 15384 93
15354 15367 136
15383 15397 88
15391 15419 57
15391 15404 234
15395 15396 56
15406 15409 216
15434 15458 217
15455 15488 236
15470 15514 64
15478 15505 137
15495 15504 278
15524 15553 55
15548 15555 187
15553 15578 156
15565 15609 180
15567 15568 187
15590 15639 259
15608 15618 58
15619 15646 62
15628 15666 82
15648 15687 208
15648 15688 104
15676 15714 214
15704 15725 67
15711 15749 285
15714 15720 215
15740 15760 32
15750 15756 26
15759 15805 263
15777 15802 286
15786 15799 252
15796 15831 234
15804 15846 170
15828 15866 184
15843 15876 38
15862 15878 275
15883 15906 103
15883 15929 105
15910 15944 119
15927 15969 276
15944 15966 14
15967 16009 174
15992 16004 232
16010 16039 51
16036 16054 119
16046 16085 145
16069 16075 226
16086 16124 104
16093 16098 87
16100 16101 83
16127 16155 4
16157 16190 3
16168 16192 129
16169 16186 173
16199 16231 6
16218 16225 112
16248 16285 246
16252 16294 224
16277 16307 115
16306 16315 274
16319 16367 244
16329 16345 242
16352 16376 185
16361 16403 231
16380 16389 83
16391 16408 174
16396 16446 190
16410 16425 38
16417 16465 295
16422 16453 260
16442 16485 265
16443 16456 46
16466 16467 108
16475 16491 249
16490 16507 8
16511 16535 66
16527 16561 263
16546 16577 253
16561 16581 266
16583 16611 226
16596 16644 115
16626 16645 223
16638 16665 164
16658 16706 49
16687 16718 67
16709 16735 177
16724 16754 95
16729 16733 258
16740 16755 3
16743 16765 17
16753 16787 197
16768 16809 41
16794 16824 170
16807 16845 129
16829 16833 139
16833 16881 179
16834 16868 277
16852 16899 266
16859 16880 200
16865 16902 267
16871 16909 281
16874 16891 234
16887 16932 201
16904 16950 245
16930 16953 4
16956 16958 100
16965 17011 91
16988 17033 179
16991 16994 105
17015 17044 299
17041 17055 57
17051 17058 204
17053 17086 70
17058 17083 245
17080 17114 25
17091 17099 16
17109 17126 69
17122 17154 133
17122 17167 17
17139 17184 226
17158 17198 14
17164 17193 262
17191 17226 262
17202 17251 167
17206 17220 197
17206 17207 260
17236 17283 121
17245 17279 123
17267 17295 192
17291 17317 259
17293 17326 248
17317 17346 214
17345 17350 27
17362 17388 127
17373 17396 214
17377 17424 151
17378 17402 296
17398 17416 160
17409 17415 157
17425 17464 65
17447 17451 261
17456 17463 110
17473 17509 244
17496 17508 108
17522 17567 135
17533 17541 225
17553 17581 174
17555 17564 22
17559 17600 165
17580 17610 257
17598 17604 201
17616 17641 291
17636 17663 97
17654 17656 140
17662 17685 74
17668 17692 100
17668 17692 200
17668 17678 283
17680 17701 167
17701 17725 200
17725 17767 158
17751 17795 271
17777 17820 227
17800 17846 62
17802 17806 231
17827 17865 196
17855 17886 118
17874 17922 158
17890 17911 85
17894 17899 207
17907 17919 230
17923 17967 196
17953 17961 184
17975 17990 156
17995 18006 195
18025 18040 80
18029 18046 64
18056 18096 43
18062 18099 68
18075 18121 147
18085 18095 235
18090 18104 164
18102 18137 283
18107 18156 205
18136 18143 190
18163 18169 191
18183 18222 45
18205 18249 86
18208 18253 229
18236 18265 295
18240 18249 42
18258 18277 192
18268 18274 104
18297 18322 298
18299 18307 210
18307 18347 205
18322 18327 108
18323 18332 55
18347 18364 198
18347 18396 57
18377 18409 148
18394 18444 150
18397 18407 192
18413 18428 26
18443 18472 30
18469 18502 4
18485 18507 179
18507 18514 122
18514 18544 157
18531 18538 145
18549 18570 163
18549 18580 5
18554 18600 47
18580 18626 31
18606 18615 205
18612 18637 271
18638 18663 193
18652 18680 138
18679 18688 14
18685 18712 255
18714 18745 111
18719 18723 174
18719 18767 65
18732 18734 143
18762 18779 108
18772 18792 291
18790 18796 100
18804 18821 71
18834 18870 184
18847 18869 179
18875 18889 244
18891 18914 119
18893 18897 26
18906 18933 291
18917 18950 198
18928 18966 292
18937 18970 293
18941 18976 137
18961 18998 210
18968 18986 203
18981 19016 104
18987 18997 37
19008 19041 186
19021 19053 56
19034 19057 136
19038 19046 93
19055 19056 266
19073 19102 15
19087 19114 61
19095 19127 80
19119 19142 90
19137 19139 189
19142 19166 171
19158 19205 75
19170 19183 182
19186 19194 286
19187 19195 156
19192 19207 108
19205 19208 31
19211 19235 175
19211 19257 47
19226 19276 38
19228 19277 196
19252 19275 10
19257 19293 122
19265 19267 154
19273 19302 66
19289 19327 193
19314 19335 71
19320 19370 283
19332 19351 248
19345 19356 126
19374 19422 84
19391 19439 135
19418 19428 51
19426 19455 246
19433 19467 122
19437 19452 60
19443 19474 229
19449 19489 41
19468 19513 161
19475 19508 104
19504 19517 238
19526 19536 141
19555 19584 118
19559 19604 133
19586 19602 139
19590 19637 42
19614 19651 131
19642 19668 261
19648 19680 78
19670 19700 155
19674 19723 73
19696 19741 296
19705 19745 277
19707 19725 219
19732 19772 187
19756 19770 149
19762 19768 98
19764 19810 285
19771 19777 252
19774 19806 156
19783 19828 208
19784 19830 136
19807 19821 242
19831 19868 34
19837 19875 44
19857 19886 242
19866 19916 91
19873 19903 240
19897 19917 178
19905 19909 10
19921 19948 12
19935 19980 245
19949 19975 16
19957 19966 44
19977 19999 284
19984 19990 86
20010 20026 177
20028 20068 279
20054 20098 64
20063 20064 42
20083 20113 219
20097 20100 120
20105 20111 101
20106 20114 142
20126 20127 30
20149 20188 42
20162 20211 189
20187 20210 54
20206 20238 272
20211 20256 238
20229 20255 172
20249 20251 214
20267 20275 33
20274 20299 205
20290 20315 29
20299 20332 270
20307 20309 258
20321 20371 201
20350 20395 294
20367 20383 296
20369 20375 37
20398 20446 19
20415 20433 28
20425 20457 209
20437 20467 122
20464 20470 103
20491 20495 225
20506 20544 237
20507 20520 53
20509 20558 179
20509 20536 291
20520 20539 73
20531 20546 255
20538 20543 275
20546 20589 257
20571 20612 298
20579 20585 122
20605 20607 123
20605 20622 169
20605 20627 240
20631 20661 148
20654 20660 254
20681 20728 196
20691 20739 18
20694 20737 195
20712 20734 115
20719 20764 28
20739 20754 160
20759 20776 203
20770 20784 160
20773 20802 101
20779 20790 81
20781 20786 97
20783 20798 169
20812 20813 145
20818 20840 124
20835 20871 257
20863 20890 13
20888 20913 14
20918 20959 60
20932 20955 12
20936 20941 84
20966 20975 230
20972 20987 237
20990 21000 203
21006 21031 242
21025 21049 214
21053 21101 35
21061 21101 14
21065 21101 171
21066 21074 261
21068 21109 91
21084 21108 34
21099 21128 179
21117 21133 147
21140 21144 176
21140 21182 122
21144 21186 92
21173 21212 233
21190 21197 63
21209 21259 236
21237 21250 266
21237 21277 270
21243 21278 182
21246 21257 36
21263 21292 110
21276 21316 291
21285 21293 90
21291 21333 140
21304 21322 114
21326 21362 193
21335 21376 183
21354 21399 204
21363 21411 243
21388 21394 117
21400 21409 166
21416 21417 40
21435 21462 197
21436 21462 208
21449 21456 49
21476 21507 196
21483 21510 185
21491 21534 20
21518 21550 127
21538 21565 52
21563 21605 197
21563 21598 70
21593 21602 187
21617 21656 198
21622 21641 260
21638 21639 256
21651 21654 257
21672 21703 20
21678 21689 218
21691 21711 240
21694 21699 88
21716 21750 72
21745 21748 233
21757 21762 224
21786 21801 176
21796 21819 148
21804 21811 222
21826 21839 251
21837 21864 280
21863 21906 27
21864 21874 40
21864 21866 5
21876 21909 8
21902 21914 162
21932 21962 226
21952 21958 120
21962 22006 243
21988 22034 254
22013 22035 142
22031 22056 70
22061 22083 111
22080 22095 178
22095 22114 274
22096 22117 153
22120 22124 231
22139 22175 190
22162 22211 282
22168 22178 92
22171 22210 95
22201 22246 53
22210 22254 151
22235 22277 140
22246 22249 280
22261 22296 11
22268 22275 128
22294 22319 181
22312 22326 141
22329 22375 187
22344 22369 264
22371 22402 234
22400 22434 138
22420 22462 160
22448 22464 88
22478 22481 88
22493 22523 138
22493 22529 1
22502 22546 103
22529 22534 16
22529 22557 250
22558 22567 150
22579 22581 5
22594 22595 195
22622 22648 121
22629 22678 127
22646 22654 198
22664 22699 178
22676 22680 69
22688 22705 114
22691 22738 230
22707 22740 266
22713 22714 66
22736 22775 2
22755 22765 21
22765 22771 90
22769 22779 277
22784 22819 38
22810 22853 154
22840 22850 180
22853 22877 7
22876 22903 180
22906 22943 91
22931 22968 279
22942 22951 198
22945 22955 151
22972 22999 66
22996 22998 30
23013 23042 62
23032 23037 203
23062 23104 289
23065 23087 285
23094 23138 300
23122 23123 280
23127 23139 136
23141 23148 50
23164 23198 93
23169 23173 106
23181 23197 235
23194 23240 233
23195 23244 83
23198 23225 105
23227 23258 185
23231 23269 41
23249 23292 5
23259 23297 75
23280 23281 191
23306 23336 84
23331 23332 274
23336 23384 104
23359 23385 126
23364 23370 279
23393 23424 206
23394 23430 212
23401 23449 87
23413 23460 92
23436 23480 236
23454 23487 220
23473 23502 281
23474 23499 231
23492 23500 161
23517 23543 258
23519 23524 243
23530 23579 184
23544 23557 250
23573 23600 79
23585 23613 100
23598 23608 182
23614 23629 153
23640 23664 287
23657 23671 43
23669 23681 105
23688 23725 212
23688 23692 256
23716 23753 262
23737 23776 44
23743 23751 268
23750 23793 17
23750 23760 147
23771 23778 14
23779 23789 91
23791 23814 116
23801 23842 240
23816 23859 67
23829 23870 180
23856 23885 216
23871 23896 290
23877 23888 177
23894 23924 42
23899 23936 191
23922 23934 11
23926 23966 300
23951 23966 265
23971 23982 46
23983 23992 208
24007 24030 27
24017 24051 57
24023 24068 32
24025 24034 32
24036 24051 243
24044 24072 14
24062 24074 50
24073 24121 275
24081 24108 13
24104 24147 220
24109 24128 32
24112 24154 287
24113 24150 142
24115 24119 114
24119 24139 48
24121 24168 215
24146 24192 239
24149 24165 277
24160 24172 103
24167 24196 265
24173 24181 52
24202 24217 59
24205 24242 232
24216 24229 161
24243 24279 110
24273 24282 179
24286 24311 69
24290 24309 223
24296 24299 256
24300 24342 223
24318 24347 212
24327 24365 230
24341 24391 245
24360 24374 256
24376 24405 9
24404 24413 78
24424 24443 84
24433 24444 164
24452 24476 125
24468 24503 11
24491 24520 107
24501 24519 224
24521 24546 193
24535 24584 231
24546 24577 51
24566 24593 285
24592 24632 105
24612 24632 117
24634 24654 295
24639 24648 98
24649 24664 71
24652 24691 65
24669 24700 84
24692 24720 129
24718 24743 106
24742 24743 191
24757 24770 146
24778 24790 129
24805 24819 114
24835 24840 142
24839 24867 48
24869 24880 87
24871 24919 116
24897 24904 98
24905 24907 23
24905 24952 264
24920 24951 27
24932 24960 8
24947 24950 47
24961 25009 254
24984 25011 113
25008 25018 184
25016 25031 39
25018 25058 247
25026 25038 173
25053 25103 109
25071 25078 198
25088 25095 92
25112 25114 161
25130 25131 14
25158 25176 122
25158 25161 293
25181 25221 175
25189 25205 191
25211 25259 237
25240 25261 191
25254 25299 139
25276 25282 6
25295 25338 4
25307 25335 185
25324 25358 250
25347 25396 173
25368 25374 295
25371 25381 249
25373 25391 221
25395 25408 215
25407 25445 291
25410 25444 287
25425 25458 106
25452 25501 228
25467 25480 289
25477 25482 129
25494 25499 219
25521 25524 269
25534 25542 225
25560 25577 46
25568 25584 197
25574 25612 124
25597 25608 233
25599 25649 73
25624 25643 175
25646 25672 294
25656 25705 174
25681 25688 7
25709 25749 223
25722 25750 275
25740 25757 181
25756 25777 122
25775 25823 124
25781 25791 88
25803 25847 242
25809 25826 184
25826 25829 133
25854 25872 26
25857 25879 58
25872 25906 62
25892 25923 66
25908 25931 157
25911 25947 187
25934 25983 216
25958 25963 282
25959 25996 47
25974 26020 62
25984 26016 25
26004 26006 277
26032 26070 184
26055 26105 147
26061 26091 82
26062 26094 247
26067 26071 136
26090 26105 122
26090 26100 260
26096 26108 202
26107 26157 287
26107 26155 141
26132 26162 151
26147 26190 252
26160 26205 219
26180 26227 95
26191 26222 135
26219 26233 57
26248 26263 130
26250 26259 23
26270 26294 80
26289 26294 41
26312 26318 160
26336 26354 134
26341 26350 95
26370 26418 47
26383 26413 141
26407 26419 74
26414 26455 96
26442 26455 213
26460 26483 178
26470 26509 283
26481 26508 88
26504 26552 53
26506 26518 171
26533 26554 121
26562 26594 255
26567 26611 240
26580 26606 27
26597 26624 6
26613 26633 11
26626 26649 203
26654 26689 113
26670 26709 33
26694 26695 109
26712 26732 214
26742 26762 58
26752 26780 232
26769 26774 113
26775 26791 223
26805 26822 12
26811 26841 200
26840 26850 142
26858 26893 292
26860 26905 146
26862 26893 84
26870 26913 203
26882 26889 281
26890 26910 245
26912 26923 117
26926 26954 125
26933 26974 224
26935 26985 121
26936 26985 68
26960 26970 121
26979 27006 39
27002 27004 205
27015 27046 155
27040 27065 73
27049 27057 26
27058 27082 249
27083 27126 189
27092 27140 245
27109 27127 75
27127 27143 72
27154 27200 203
27174 27175 116
27189 27209 69
27200 27244 219
27214 27242 32
27233 27261 84
27248 27273 159
27272 27309 194
27279 27309 294
27284 27329 32
27305 27325 203
27329 27341 279
27340 27352 218
27368 27410 108
27397 27441 209
27403 27447 19
27413 27443 169
27425 27448 100
27434 27455 229
27451 27497 79
27459 27482 185
27460 27473 287
27479 27497 22
27494 27542 261
27510 27538 116
27517 27547 17
27541 27564 127
27556 27569 194
27585 27601 10
27614 27652 72
27616 27636 252
27629 27650 23
27643 27686 22
27647 27682 11
27669 27675 174
27696 27713 65
27723 27752 117
27732 27740 59
27748 27768 187
27753 27754 94
27759 27793 142
27784 27831 107
27811 27813 50
27834 27857 212
27862 27892 14
27869 27918 273
27888 27929 297
27899 27937 99
27921 27970 228
27945 27956 289
27962 27986 255
27968 27974 266
27979 28027 158
27981 28009 168
28001 28040 202
28031 28068 78
28048 28056 120
28067 28111 16
28086 28132 137
28103 28132 7
28119 28130 287
28136 28152 204
28151 28163 149
28161 28162 93
28172 28216 287
28193 28206 179
28209 28232 249
28217 28255 101
28246 28274 215
28271 28320 139
28301 28319 201
28316 28362 192
28323 28330 270
28331 28347 9
28360 28368 53
28384 28388 151
28386 28395 36
28413 28425 62
28431 28461 235
28431 28433 206
28454 28499 80
28484 28497 106
28496 28509 154
28499 28523 53
28508 28533 141
28520 28550 118
28536 28556 297
28552 28566 52
28567 28599 300
28584 28590 130
28610 28627 121
28636 28685 277
28656 28699 260
28673 28698 87
28700 28709 36
28710 28745 20
28717 28734 278
28747 28791 218
28777 28790 222
28783 28800 287
28809 28814 75
28820 28845 259
28850 28891 107
28877 28914 45
28892 28897 45
28905 28929 224
28913 28940 234
28942 28992 251
28969 29015 74
28995 29041 177
28998 28999 100
29027 29054 192
29050 29061 241
29066 29104 153
29092 29108 298
29111 29114 78
29118 29159 220
29127 29136 62
29139 29168 298
29160 29190 64
29175 29218 279
29186 29231 260
29209 29257 256
29209 29227 178
29230 29262 117
29233 29242 108
29238 29257 294
29245 29291 112
29274 29319 155
29301 29331 143
29318 29366 227
29330 29349 190
29335 29357 289
29341 29385 299
29350 29357 214
29374 29397 59
29398 29403 63
29425 29454 104
29448 29478 225
29470 29490 50
29486 29533 223
29504 29521 251
29506 29547 116
29533 29551 148
29549 29586 126
29554 29561 79
29576 29626 54
29595 29624 90
29605 29615 148
29617 29654 226
29635 29667 240
29654 29688 202
29659 29703 25
29687 29730 184
29692 29734 220
29715 29737 117
29740 29774 184
29756 29763 239
29778 29808 182
29791 29820 279
29811 29859 198
29821 29866 164
29849 29888 106
29849 29860 59
29874 29896 193
29879 29926 234
29909 29933 100
29926 29965 255
29941 29989 78
29951 29984 25
29976 30001 111
29986 30013 9
29993 30031 196
30021 30035 154
30031 30052 10
30056 30097 213
30074 30094 20
30074 30081 17
30102 30150 264
30125 30144 27
30139 30167 248
30149 30180 47
30174 30185 134
30186 30198 193
30202 30205 189
30229 30263 234
30233 30236 241
30256 30286 184
30279 30317 160
30294 30309 278
30294 30295 138
30313 30353 19
30322 30340 15
30344 30384 228
30353 30388 300
30377 30402 283
30385 30432 249
30400 30414 262
30405 30426 278
30405 30419 162
30422 30460 137
30425 30434 118
30452 30500 236
30465 30490 259
30488 30518 164
30511 30521 70
30535 30582 218
30552 30554 19
30563 30567 145
30577 30585 197
30580 30611 215
30601 30642 211
30619 30664 289
30644 30685 148
30655 30667 279
30660 30696 11
30671 30676 84
30671 30701 293
30686 30712 76
30713 30719 182
30717 30719 83
30717 30752 174
30740 30772 216
30760 30804 141
30761 30769 113
30782 30801 253
30802 30851 151
30822 30859 3
30849 30861 135
30867 30890 287
30892 30925 93
30906 30940 164
30928 30960 100
30947 30971 264
30965 30990 288
30972 30985 43
30981 30992 195
31006 31030 188
31008 31050 2
31018 31061 97
31027 31065 104
31048 31066 296
31056 31057 109
31059 31096 36
31072 31120 112
31092 31095 255
31120 31127 203
31136 31175 67
31164 31173 23
31169 31201 233
31174 31179 296
31195 31196 150
31207 31254 47
31224 31232 196
31233 31262 249
31237 31263 51
31238 31274 300
31265 31267 66
31269 31281 252
31288 31323 233
31317 31328 67
31322 31329 111
31348 31392 19
31350 31361 165
31372 31409 174
31398 31442 228
31415 31437 95
31428 31434 95
31442 31443 132
31460 31462 27
31468 31496 276
31480 31504 292
31483 31498 273
31508 31540 50
31536 31558 107
31554 31563 282
31583 31591 132
31612 31627 220
31640 31651 25
31652 31657 23
31657 31680 167
31670 31709 188
31682 31696 100
31689 31737 110
31711 31757 15
31725 31729 297
31755 31770 87
31756 31774 227
31766 31801 24
31769 31778 194
31771 31783 291
31791 31794 13
31796 31840 69
31810 31824 130
31832 31858 82
31849 31856 87
31856 31895 175
31865 31899 71
31892 31920 198
31906 31940 166
31908 31933 49
31921 31933 278
31921 31929 145
31942 31990 109
31966 32006 62
31988 32030 191
32010 32023 68
32035 32051 125
32051 32100 217
32059 32090 205
32081 32119 28
32103 32133 153
32132 32172 65
32156 32162 178
32175 32214 185
32187 32208 263
32198 32210 77
32207 32208 1
32209 32226 79
32212 32251 62
32228 32247 100
32233 32264 89
32254 32300 3
32278 32288 9
32295 32301 66
32315 32357 240
32341 32361 58
32364 32380 241
32377 32416 234
32392 32428 231
32404 32453 153
32408 32450 264
32431 32445 72
32449 32466 61
32475 32503 150
32504 32551 221
32532 32538 127
32541 32586 67
32563 32612 178
32570 32584 118
32575 32613 44
32596 32631 297
32626 32658 156
32648 32650 9
32651 32694 266
32660 32674 194
32667 32671 128
32692 32723 205
32693 32715 25
32710 32731 194
32713 32737 289
32731 32737 205
32761 32801 270
32780 32783 50
32809 32833 131
32821 32823 138
32825 32865 157
32837 32858 216
32852 32891 161
32878 32926 73
32882 32909 60
32898 32908 28
32908 32954 193
32935 32962 5
32962 33001 72
32962 32976 175
32969 32972 210
32999 33025 93
33026 33044 187
33056 33084 56
33085 33127 249
33089 33117 92
33097 33116 298
33116 33148 94
33145 33179 119
33147 33164 123
33163 33177 284
33189 33231 196
33216 33237 255
33222 33227 296
33222 33243 203
33247 33266 11
33266 33291 217
33279 33319 50
33293 33343 219
33311 33330 239
33339 33373 214
33363 33383 96
33372 33400 181
33394 33430 119
33423 33464 262
33439 33441 203
33453 33499 236
33474 33493 91
33478 33501 253
33487 33508 260
33492 33536 40
33495 33496 142
33523 33554 268
33531 33540 176
33551 33590 108
33564 33604 220
33578 33617 228
33600 33640 160
33620 33670 88
33624 33642 147
33645 33660 210
33670 33679 106
33691 33725 30
33708 33720 184
33717 33757 87
33717 33749 252
33743 33781 78
33753 33754 111
33756 33779 277
33769 33785 257
33787 33813 156
33807 33822 63
33812 33826 25
33837 33852 281
33847 33858 62
33865 33902 201
33868 33910 236
33875 33890 191
33900 33948 162
33904 33939 186
33914 33924 101
33929 33950 155
33930 33934 120
33953 33966 115
33963 33969 23
33968 33971 193
33979 34028 25
34008 34038 109
34027 34050 235
34034 34081 212
34037 34085 1
34038 34076 84
34062 34094 132
34073 34080 40
34103 34138 236
34111 34144 284
34130 34174 268
34144 34160 197
34172 34208 130
34194 34197 184
34203 34225 214
34205 34247 292
34231 34265 270
34246 34272 141
34260 34281 3
34287 34330 206
34300 34321 25
34304 34305 127
34306 34310 44
34336 34359 229
34343 34346 36
34362 34394 54
34369 34375 13
34396 34401 77
34404 34440 197
34429 34464 90
34439 34483 2
34459 34488 25
34468 34495 69
34482 34500 251
34495 34536 225
34515 34553 109
34531 34533 172
34545 34583 49
34548 34568 43
34574 34590 236
34574 34577 169
34581 34613 230
34586 34595 245
34613 34638 140
34615 34654 183
34621 34625 11
34635 34673 61
34643 34648 209
34665 34677 48
34675 34707 282
34701 34738 171
34705 34729 128
34721 34750 88
34725 34744 285
34737 34769 13
34747 34763 107
34751 34781 198
34768 34780 129
34791 34806 196
34813 34818 203
34819 34825 186
34848 34884 238
34866 34896 71
34893 34924 147
34922 34951 180
34945 34951 76
34947 34975 250
34957 34996 234
34975 35012 131
34988 34990 190
35015 35036 268
35030 35039 138
35037 35056 2
35062 35109 48
35075 35101 30
35105 35124 197
35108 35141 6
35137 35180 105
35162 35207 102
35166 35208 157
35172 35181 201
35188 35190 60
35202 35241 255
35227 35253 247
35257 35289 275
35273 35278 66
35297 35325 283
35298 35335 24
35309 35337 229
35317 35347 205
35322 35352 93
35339 35367 196
35361 35372 143
35377 35394 276
35394 35441 237
35402 35426 190
35422 35472 299
35424 35434 9
35427 35473 185
35434 35465 261
35437 35470 145
35460 35464 46
35477 35527 238
35477 35493 186
35502 35545 218
35508 35534 278
35521 35548 66
35530 35541 221
35555 35594 106
35555 35595 83
35563 35590 166
35573 35600 248
35580 35587 142
35586 35618 230
35615 35639 211
35623 35648 109
35651 35685 21
35652 35657 209
35670 35698 39
35691 35692 285
35695 35712 275
35712 35749 115
35728 35756 212
35736 35786 134
35740 35750 83
35769 35786 102
35792 35818 164
35795 35813 96
35808 35848 152
35823 35848 248
35824 35833 141
35831 35880 138
35860 35873 5
35878 35910 133
35889 35934 148
35916 35934 185
35944 35959 217
35965 35976 274
35995 36031 284
36023 36050 163
36053 36100 214
36067 36070 60
36092 36102 145
36101 36133 254
36103 36108 182
36126 36142 18
36150 36182 167
36161 36182 6
36166 36199 151
36184 36206 178
36192 36207 62
36214 36241 143
36218 36236 176
36231 36239 233
36256 36263 222
36256 36273 228
36267 36309 192
36292 36328 101
36319 36340 236
36333 36370 149
36354 36365 87
36357 36400 295
36374 36375 257
36400 36414 139
36412 36432 72
36421 36429 31
36441 36477 39
36463 36490 243
36473 36476 77
36474 36521 247
36497 36535 128
36497 36498 8
36519 36554 154
36538 36575 281
36560 36609 259
36581 36613 231
36599 36616 92
36626 36656 204
36626 36671 69
36644 36684 26
36655 36701 144
36665 36675 118
36669 36711 240
36677 36688 251
36704 36737 138
36732 36775 61
36758 36780 274
36758 36770 107
36774 36815 80
36780 36815 297
36806 36829 186
36826 36857 285
36842 36876 127
36872 36914 221
36878 36890 194
36881 36898 175
36885 36897 35
36904 36927 249
36909 36918 94
36927 36970 280
36946 36963 163
36961 37010 288
36977 37019 16
36999 37036 209
37019 37030 9
37041 37063 155
37056 37094 87
37068 37095 1
37098 37141 183
37102 37134 241
37128 37161 77
37152 37180 149
37170 37216 235
37186 37219 87
37186 37232 139
37195 37215 145
37225 37271 58
37244 37262 49
37245 37288 296
37266 37292 284
37293 37342 243
37321 37356 245
37346 37385 195
37350 37353 122
37350 37357 159
37351 37366 234
37351 37396 280
37376 37396 136
37378 37388 82
37380 37408 112
37381 37398 134
37398 37405 41
37414 37463 272
37443 37455 262
37469 37497 120
37496 37536 152
37507 37511 185
37508 37515 234
37534 37549 259
37535 37574 208
37552 37586 152
37573 37592 72
37582 37623 158
37612 37621 236
37627 37665 262
37633 37668 285
37651 37689 118
37653 37670 208
37660 37670 186
37685 37731 76
37685 37725 234
37696 37720 7
37697 37706 297
37716 37754 33
37729 37775 245
37732 37765 19
37755 37790 119
37774 37778 164
37795 37805 270
37819 37828 107
37830 37866 114
37832 37853 280
37854 37890 186
37865 37909 237
37877 37911 152
37893 37932 91
37923 37944 176
37932 37944 278
37951 37995 238
37978 38014 256
37994 38039 91
38009 38037 119
38017 38044 257
38040 38069 29
38042 38078 270
38056 38099 104
38077 38091 24
38093 38118 239
38099 38131 250
38099 38139 112
38110 38140 300
38121 38153 104
38123 38155 215
38146 38169 84
38167 38215 299
38190 38238 273
38194 38208 48
38213 38239 103
38216 38243 286
38237 38243 292
38260 38292 260
38286 38322 78
38286 38308 161
38286 38307 112
38310 38342 102
38320 38326 272
38324 38374 277
38333 38365 130
38351 38387 76
38379 38426 155
38387 38427 210
38403 38413 269
38419 38454 220
38429 38475 25
38440 38454 76
38452 38476 197
38476 38509 125
38495 38499 145
38500 38520 121
38517 38537 219
38538 38583 128
38559 38576 66
38568 38581 237
38571 38592 17
38591 38635 248
38613 38625 291
38634 38669 247
38646 38672 46
38648 38683 39
38666 38695 249
38695 38713 273
38697 38736 44
38712 38743 248
38738 38746 117
38761 38785 211
38761 38778 194
38790 38836 115
38813 38862 32
38841 38874 37
38851 38881 206
38876 38918 117
38887 38902 172
38913 38932 108
38936 38967 77
38963 38968 12
38974 38976 39
38996 39014 11
39004 39029 41
39034 39077 56
39048 39064 279
39063 39064 287
39090 39099 114
39097 39127 185
39122 39127 266
39138 39164 10
39140 39166 228
39149 39164 64
39177 39181 207
39191 39193 144
39220 39266 279
39249 39253 187
39262 39273 206
39291 39298 283
39291 39309 147
39293 39324 239
39308 39358 184
39322 39338 85
39348 39383 233
39358 39364 264
39382 39423 63
39404 39440 292
39432 39437 215
39445 39488 183
39473 39484 87
39479 39498 59
39480 39485 124
39486 39536 55
39488 39517 283
39501 39541 39
39512 39540 14
39513 39550 231
39515 39550 54
39541 39572 62
39546 39563 107
39553 39558 155
39561 39564 62
39574 39581 127
39576 39597 231
39601 39644 40
39611 39630 283
39615 39620 222
39615 39656 189
39639 39688 221
39639 39665 282
39669 39683 189
39687 39695 20
39700 39723 228
39728 39759 294
39735 39774 70
39752 39795 73
39756 39792 2
39762 39798 85
39771 39798 96
39783 39833 100
39813 39856 79
39841 39885 87
39845 39848 248
39868 39911 42
39872 39879 134
39894 39917 291
39912 39923 150
39927 39929 296
39957 39989 159
39986 40036 39
39989 40009 211
40010 40024 15
40034 40046 197
40037 40044 210
40045 40055 121
40068 40083 80
40081 40085 22
40097 40110 59
40108 40136 7
40108 40157 197
40125 40166 280
40135 40179 90
40143 40170 35
40162 40190 296
40169 40202 264
40192 40198 122
40217 40245 180
40222 40263 13
40229 40263 259
40257 40275 122
40277 40310 275
40281 40291 23
40282 40317 35
40287 40317 155
40316 40336 269
40338 40372 144
40345 40387 218
40348 40365 263
40375 40409 246
40403 40428 157
40423 40451 286
40451 40486 192
40451 40458 257
40464 40483 49
40471 40480 3
40471 40509 209
40499 40546 299
40517 40525 199
40519 40548 87
40542 40586 116
40546 40572 103
40569 40599 147
40596 40599 168
40598 40631 177
40625 40646 134
40641 40670 300
40654 40662 148
40668 40717 256
40697 40719 171
40722 40726 31
40741 40770 251
40749 40767 217
40754 40761 150
40775 40789 72
40783 40826 293
40803 40823 177
40814 40833 236
40819 40841 152
40836 40853 120
40861 40891 196
40874 40891 276
40875 40915 87
40878 40919 112
40906 40913 39
40934 40955 63
40941 40956 219
40962 40975 194
40972 41015 169
40980 40991 178
40987 41020 61
40996 41026 168
41006 41012 287
41016 41028 72
41030 41064 60
41032 41072 227
41057 41076 284
41060 41070 105
41074 41107 113
41075 41108 4
41081 41106 27
41090 41133 163
41102 41112 179
41123 41148 44
41126 41150 166
41139 41148 183
41144 41191 222
41159 41187 167
41164 41188 274
41182 41195 289
41207 41225 39
41226 41250 183
41226 41233 67
41239 41276 290
41242 41243 146
41263 41275 79
41276 41326 298
41294 41313 264
41310 41333 294
41318 41339 71
41335 41369 142
41337 41362 288
41362 41383 216
41372 41421 214
41375 41386 103
41385 41402 142
41414 41441 85
41439 41449 281
41455 41504 69
41477 41503 47
41498 41523 38
41502 41539 272
41514 41527 120
41517 41547 201
41538 41559 133
41541 41545 52
41544 41566 254
41574 41620 21
41603 41645 66
41616 41629 270
41646 41657 186
41669 41718 259
41679 41699 177
41694 41736 253
41698 41741 285
41724 41735 260
41732 41772 24
41747 41786 93
41767 41799 161
41775 41807 64
41801 41814 188
41824 41826 93
41844 41862 188
41844 41854 219
41846 41896 210
41849 41872 151
41868 41889 153
41898 41939 253
41901 41928 230
41925 41937 119
41952 41962 281
41978 41996 7
42005 42050 230
42027 42029 108
42030 42043 182
42052 42085 205
42081 42108 215
42110 42152 149
42120 42134 120
42150 42158 104
42154 42199 184
42166 42192 267
42192 42195 67
42206 42242 52
42231 42273 61
42237 42274 76
42256 42268 221
42264 42310 72
42275 42300 259
42285 42317 105
42308 42310 121
42314 42345 229
42342 42359 278
42368 42381 68
42397 42411 32
42419 42434 3
42426 42447 100
42448 42480 212
42455 42501 230
42460 42502 214
42472 42508 268
42488 42522 3
42508 42529 206
42513 42518 289
42541 42566 211
42555 42577 229
42578 42587 111
42586 42588 170
42596 42612 37
42626 42644 253
42646 42686 112
42646 42653 66
42673 42697 3
42674 42689 72
42688 42702 156
42691 42709 146
42694 42735 10
42694 42697 9
42696 42733 87
42699 42740 257
42702 42719 188
42725 42741 269
42733 42735 201
42746 42769 238
42752 42757 260
42754 42760 220
42777 42788 243
42800 42804 53
42813 42828 92
42820 42828 47
42823 42868 173
42833 42871 99
42854 42897 4
42883 42893 71
42908 42946 86
42913 42947 116
42934 42962 276
42958 42966 279
42967 43003 257
42990 43012 123
43018 43056 34
43018 43033 290
43036 43039 285
43065 43106 59
43092 43099 129
43102 43129 279
43120 43125 207
43144 43182 132
43166 43172 13
43171 43214 197
43184 43189 48
43209 43216 46
43237 43265 65
43241 43244 139
43247 43291 52
43267 43269 148
43275 43288 110
43296 43299 3
43308 43355 240
43336 43337 205
43346 43363 73
43347 43382 144
43368 43388 132
43371 43381 125
43379 43396 194
43401 43420 125
43419 43447 146
43434 43439 297
43453 43490 180
43461 43496 8
43488 43513 223
43509 43516 250
43519 43524 222
43522 43550 123
43529 43556 241
43535 43573 142
43540 43565 91
43570 43587 134
43595 43639 109
43618 43654 296
43619 43658 283
43626 43640 187
43628 43672 138
43644 43650 83
43670 43678 190
43699 43726 192
43718 43767 30
43742 43791 203
43767 43770 88
43767 43799 81
43777 43789 278
43806 43822 61
43836 43849 212
43864 43877 141
43871 43901 16
43885 43901 156
43894 43913 244
43922 43946 28
43924 43956 31
43939 43984 5
43966 43988 84
43988 43999 138
44011 44030 99
44014 44041 36
44026 44055 220
44045 44092 235
44051 44064 166
44069 44087 55
44083 44114 174
44112 44155 286
44116 44143 37
44119 44166 210
44122 44171 52
44124 44163 123
44131 44135 237
44146 44171 29
44158 44174 111
44169 44201 286
44176 44194 286
44198 44239 10
44223 44263 164
44241 44265 110
44250 44259 46
44262 44298 101
44289 44312 159
44316 44351 119
44328 44356 212
44343 44391 121
44371 44396 228
44393 44419 97
44401 44413 100
44402 44412 89
44411 44451 206
44441 44449 60
44451 44468 202
44462 44475 58
44490 44507 171
44519 44568 275
44549 44557 100
44570 44585 299
44584 44607 74
44609 44623 223
44620 44656 78
44636 44650 175
44664 44685 259
44689 44707 217
44708 44753 52
44711 44722 230
44719 44756 193
44735 44769 205
44756 44772 99
44774 44776 117
44774 44793 178
44791 44795 20
44811 44843 28
44836 44883 91
44841 44888 65
44858 44881 23
44871 44903 10
44895 44899 164
44897 44947 129
44915 44917 253
44915 44935 154
44936 44967 212
44936 44939 42
44939 44941 28
44960 44996 89
44984 44998 36
44992 45023 1
45008 45011 55
45030 45049 292
45047 45062 196
45052 45096 194
45061 45070 176
45076 45093 32
45076 45119 224
45096 45115 292
45118 45132 284
45142 45168 23
45164 45201 237
45164 45173 250
45194 45235 277
45214 45256 295
45224 45240 149
45224 45244 131
45232 45245 239
45238 45259 14
45259 45282 140
45285 45308 8
45292 45312 46
45321 45327 165
45329 45374 42
45351 45390 142
45372 45384 259
45400 45449 119
45427 45453 28
45431 45464 271
45454 45462 174
45484 45520 28
45511 45545 232
45530 45534 73
45541 45551 68
45553 45561 176
45566 45610 291
45573 45586 189
45577 45580 74
45593 45614 34
45594 45633 45
45610 45646 179
45619 45634 44
45630 45632 162
45634 45665 95
45654 45655 58
45674 45718 247
45682 45699 286
45704 45719 143
45710 45729 68
45713 45715 235
45725 45750 155
45747 45777 15
45772 45796 44
45787 45806 15
45814 45833 286
45822 45835 287
45822 45858 72
45847 45859 15
45864 45910 259
45883 45924 269
45890 45903 246
45919 45954 211
45921 45956 143
45940 45970 202
45954 45997 66
45972 46009 269
46002 46038 104
46005 46014 18
46019 46039 69
46044 46086 81
46071 46097 23
46101 46110 61
46110 46121 204
46134 46184 234
46143 46166 130
46150 46160 132
46171 46194 233
46184 46191 207
46208 46241 268
46228 46236 94
46257 46307 265
46268 46301 245
46293 46339 113
46312 46361 39
46319 46355 172
46338 46370 4
46338 46343 42
46345 46356 144
46346 46396 99
46361 46397 20
46372 46375 99
46400 46410 60
46404 46424 1
46427 46461 21
46455 46478 177
46484 46490 87
46512 46548 209
46528 46569 31
46542 46573 45
46571 46604 100
46580 46611 76
46586 46625 142
46600 46643 266
46627 46667 29
46636 46676 175
46652 46700 65
46674 46718 133
46684 46727 250
46700 46729 296
46721 46761 119
46731 46763 277
46735 46785 209
46760 46777 82
46766 46815 89
46791 46834 60
46820 46858 99
46824 46844 233
46842 46874 161
46846 46855 211
46857 46901 267
46870 46905 19
46895 46933 252
46902 46908 245
46927 46936 154
46954 46984 193
46981 46990 94
46984 46993 117
46994 47024 270
47013 47061 190
47032 47048 84
47038 47072 16
47043 47070 143
47048 47093 295
47063 47079 181
47088 47106 61
47106 47115 174
47133 47167 6
47145 47154 188
47173 47216 21
47199 47243 114
47216 47260 146
47221 47266 279
47244 47262 107
47259 47265 250
47272 47275 131
47287 47304 258
47288 47316 286
47318 47320 74
47333 47379 125
47363 47380 174
47389 47423 35
47391 47430 109
47393 47395 290
47411 47422 4
47413 47439 213
47423 47471 9
47441 47465 154
47446 47474 134
47466 47506 251
47477 47506 218
47487 47523 176
47515 47556 278
47527 47577 84
47550 47566 79
47551 47571 283
47581 47602 109
47590 47602 289
47599 47601 130
47623 47636 63
47643 47672 2
47644 47689 284
47650 47694 87
47656 47676 203
47673 47695 183
47691 47714 241
47714 47733 108
47738 47749 32
47741 47750 58
47749 47750 143
47766 47777 28
47789 47829 88
47806 47812 223
47825 47829 95
47831 47879 283
47852 47855 240
47866 47890 115
47877 47896 45
47893 47943 184
47923 47961 48
47948 47998 173
47964 48001 246
47973 47988 240
47999 48014 149
48016 48037 177
48046 48061 172
48047 48069 263
48066 48075 255
48076 48084 201
48078 48123 76
48084 48093 187
48111 48112 248
48113 48151 227
48121 48166 146
48134 48163 189
48143 48167 161
48161 48192 103
48165 48203 131
48183 48204 191
48211 48254 3
48238 48280 149
48244 48291 62
48250 48298 191
48275 48305 94
48293 48304 180
48296 48336 97
48305 48315 171
48305 48332 189
48333 48347 186
48352 48389 139
48380 48403 65
48392 48425 17
48401 48450 186
48429 48430 162
48431 48479 229
48431 48437 90
48438 48481 149
48439 48452 244
48451 48458 151
48462 48475 148
48463 48506 291
48465 48508 177
48480 48529 125
48503 48526 285
48520 48524 204
48534 48554 189
48559 48593 258
48584 48625 59
48603 48631 9
48609 48648 101
48630 48653 102
48643 48664 182
48668 48715 192
48689 48725 216
48692 48720 166
48695 48718 49
48696 48741 16
48724 48773 291
48741 48754 114
48763 48796 49
48783 48790 8
48803 48811 129
48827 48874 231
48829 48857 149
48836 48844 182
48859 48897 50
48865 48906 63
48867 48898 271
48882 48916 96
48888 48909 118
48896 48924 243
48923 48930 252
48937 48959 135
48954 48976 205
48958 48970 192
48985 48994 38
49011 49029 13
49033 49051 105
49062 49104 171
49082 49130 12
49086 49125 22
49088 49089 221
49101 49143 117
49128 49144 64
49141 49151 157
49161 49177 129
49180 49184 179
49210 49238 44
49220 49243 189
49225 49233 223
49247 49266 221
49265 49271 273
49276 49287 216
49298 49309 247
49308 49337 6
49310 49345 279
49322 49360 101
49338 49378 204
49355 49357 126
49385 49419 26
49400 49432 15
49421 49457 100
49433 49458 37
49459 49491 264
49467 49513 43
49468 49488 65
49479 49527 154
49489 49507 298
49496 49542 58
49508 49525 99
49536 49557 295
49550 49551 135
49577 49614 293
49598 49620 149
49605 49606 251
49618 49657 200
49627 49643 162
49639 49682 75
49658 49669 241
49681 49721 97
49686 49689 91
49700 49706 4
49710 49712 85
49731 49778 93
49751 49792 148
49772 49803 291
49775 49819 57
49792 49810 209
49804 49837 114
49816 49862 202
49833 49842 298
49839 49886 238
49859 49904 269
49868 49917 296
49871 49921 216
49876 49885 183
49906 49923 238
49920 49928 136
49939 49968 33
49954 49961 197
49984 49995 209
50011 50044 259
50014 50050 183
50019 50060 177
50045 50076 32
50071 50075 292
50076 50083 16
50087 50093 35
50114 50136 260
50141 50163 61
50154 50201 142
50176 50199 292
50206 50252 160
50217 50248 180
50223 50229 281
50228 50277 260
50234 50241 218
50239 50260 70
50262 50284 52
50271 50280 173
50289 50338 189
50301 50341 206
50326 50346 153
50328 50358 57
50347 50372 14
50347 50372 195
50356 50366 5
50368 50382 224
50383 50414 211
50410 50412 117
50410 50436 34
50429 50443 231
50444 50469 36
50463 50479 111
50486 50522 233
50499 50530 215
50511 50516 261
50519 50521 38
50540 50565 227
50566 50576 45
50589 50637 97
50615 50644 78
50634 50656 181
50639 50675 273
50648 50660 204
50652 50700 153
50666 50704 84
50671 50674 30
50685 50689 15
50690 50740 116
50718 50738 57
50740 50789 32
50741 50777 47
50771 50808 260
50783 50796 292
50788 50821 289
50794 50834 276
50809 50838 120
50832 50875 178
50833 50842 6
50847 50878 277
50862 50904 127
50885 50917 104
50908 50929 220
50930 50932 259
50937 50974 267
50944 50956 27
50972 50975 201
51002 51052 129
51031 51055 250
51040 51077 198
51069 51075 234
51083 51132 90
51111 51122 40
51118 51122 5
51127 51157 35
51131 51137 249
51155 51185 70
51160 51187 265
51180 51190 259
51197 51237 29
51216 51254 265
51237 51243 295
51257 51282 144
51265 51267 124
51286 51332 30
51316 51345 120
51316 51353 293
51340 51365 105
51361 51404 67
51377 51394 46
51380 51395 277
51393 51407 165
51401 51432 297
51408 51415 17
51419 51467 145
51441 51491 268
51461 51506 79
51482 51491 86
51511 51533 139
51516 51541 19
51535 51566 105
51545 51573 159
51548 51554 39
51556 51592 269
51579 51583 189
51581 51608 228
51591 51624 64
51592 51640 82
51593 51598 261
51623 51663 121
51650 51666 151
51666 51683 13
51669 51714 266
51685 51721 150
51688 51718 34
51709 51748 209
51739 51772 272
51749 51766 282
51767 51793 61
51776 51787 188
51783 51800 80
51796 51809 108
51808 51858 279
51824 51872 233
51839 51858 152
51860 51902 114
51860 51881 84
51885 51927 8
51915 51956 110
51942 51943 122
51948 51998 156
51955 51961 276
51981 51997 79
52000 52014 175
52022 52031 279
52041 52069 186
52068 52075 182
52073 52080 131
52086 52120 204
52095 52125 238
52121 52129 227
52130 52145 283
52154 52162 35
52183 52207 87
52195 52197 296
52218 52240 237
52219 52265 185
52232 52276 260
52248 52261 283
52274 52298 172
52299 52345 300
52312 52322 203
52331 52337 39
52333 52368 194
52334 52345 142
52350 52380 14
52360 52392 53
52380 52426 155
52386 52422 161
52414 52454 205
52443 52444 200
52464 52484 94
52474 52510 188
52486 52495 158
52488 52524 274
52499 52503 273
52514 52556 107
52530 52548 74
52533 52549 290
52538 52549 63
52548 52596 20
52575 52577 205
52594 52637 233
52594 52602 159
52598 52622 135
52616 52655 212
52644 52662 30
52668 52707 288
52672 52694 270
52673 52717 279
52687 52698 199
52692 52710 177
52708 52746 37
52738 52751 250
52743 52763 84
52767 52790 232
52787 52822 249
52802 52816 63
52824 52835 213
52842 52865 12
52846 52857 221
52847 52896 92
52851 52896 291
52857 52901 199
52874 52908 292
52892 52917 229
52921 52951 298
52945 52991 184
52968 52997 52
52988 53019 33
52998 53011 134
53017 53045 180
53045 53051 193
53060 53101 37
53080 53114 133
53092 53115 104
53102 53119 271
53104 53121 262
53132 53175 101
53151 53156 211
53162 53197 181
53164 53199 157
53166 53175 174
53169 53178 5
53191 53241 294
53196 53206 60
53213 53226 170
53239 53240 239
53241 53261 55
53251 53298 278
53255 53270 190
53276 53321 61
53305 53316 76
53308 53326 62
53319 53364 43
53319 53320 266
53339 53376 20
53341 53355 146
53357 53395 274
53369 53397 223
53389 53408 284
53399 53438 241
53419 53434 199
53432 53473 213
53457 53479 60
53459 53485 176
53466 53481 33
53472 53493 214
53492 53495 168
53512 53515 75
53537 53542 276
53543 53588 46
53563 53587 291
53564 53578 227
53572 53595 240
53602 53616 140
53605 53623 132
53609 53616 298
53623 53638 35
53650 53656 90
53675 53681 61
53679 53708 109
53683 53684 200
53690 53711 221
53713 53735 120
53717 53718 134
53724 53755 100
53754 53770 256
53771 53797 43
53801 53839 236
53813 53855 35
53834 53842 67
53853 53888 179
53866 53901 194
53880 53896 57
53896 53937 285
53900 53915 208
53911 53925 135
53939 53942 10
53946 53969 192
53946 53981 273
53946 53965 162
53970 53976 212
53972 53976 262
53990 53998 71
53991 54034 39
54021 54045 200
54027 54056 33
54040 54077 154
54053 54070 211
54060 54077 174
54076 54126 44
54076 54089 15
54077 54084 229
54107 54143 3
54111 54151 98
54131 54151 222
54144 54161 286
54155 54161 185
54172 54194 241
54191 54196 198
54202 54225 268
54231 54234 219
54251 54282 273
54263 54293 278
54289 54304 14
54315 54330 33
54333 54376 249
54351 54358 277
54364 54401 300
54386 54413 196
54402 54429 169
54430 54462 246
54439 54477 234
54448 54468 14
54460 54464 162
54473 54496 169
54483 54487 241
54491 54512 287
54493 54519 256
54498 54526 208
54500 54545 82
54505 54523 111
54535 54562 162
54560 54569 142
54563 54589 90
54577 54584 125
54582 54592 160
54586 54603 235
54604 54631 294
54613 54624 79
54622 54652 193
54651 54670 73
54654 54677 75
54667 54700 268
54694 54705 159
54715 54763 131
54723 54736 25
54750 54777 51
54775 54800 38
54798 54830 17
54827 54856 49
54841 54852 93
54862 54889 260
54868 54910 5
54883 54897 148
54898 54916 145
54928 54972 9
54937 54942 199
54964 54968 261
54972 54981 229
54979 54999 35
55004 55050 237
55030 55047 136
55033 55082 112
55051 55062 254
55059 55073 124
55081 55131 164
55097 55121 49
55109 55115 201
55123 55138 202
55136 55147 299
55157 55161 179
55163 55178 201
55189 55196 13
55194 55200 150
55214 55252 158
55232 55272 8
55242 55262 265
55271 55302 27
55281 55310 204
55287 55318 47
55292 55332 268
55296 55312 218
55304 55332 272
55327 55375 40
55328 55377 209
55329 55357 189
55330 55350 118
55351 55361 204
55378 55422 209
55387 55422 130
55392 55435 112
55420 55433 257
55438 55453 110
55454 55485 243
55483 55533 104
55504 55551 219
55534 55563 108
55562 55563 282
55586 55631 238
55615 55660 237
55627 55633 120
55641 55679 253
55641 55660 69
55664 55710 63
55672 55718 290
55684 55726 73
55702 55732 106
55715 55728 103
55739 55772 154
55764 55767 228
55778 55812 238
55785 55835 61
55809 55850 231
55819 55849 51
55824 55849 159
55826 55862 239
55829 55868 265
55844 55860 238
55858 55883 215
55879 55885 129
55883 55898 162
55894 55897 117
55920 55939 187
55936 55939 112
55961 55983 259
55980 56012 138
56001 56030 200
56016 56023 192
56026 56037 3
56053 56061 178
56070 56095 189
56085 56127 193
56106 56145 90
56110 56116 294
56132 56136 53
56158 56192 64
56160 56190 253
56178 56203 253
56186 56196 156
56214 56219 144
56234 56262 1
56259 56288 222
56270 56297 271
56274 56318 59
56302 56322 230
56314 56332 238
56316 56348 97
56343 56366 300
56366 56389 185
56376 56421 241
56390 56391 58
56403 56430 242
56425 56454 3
56441 56476 217
56453 56484 42
56474 56482 293
56504 56548 182
56515 56548 284
56542 56579 198
56563 56597 173
56577 56581 8
56597 56608 137
56604 56622 179
56608 56623 158
56623 56660 32
56643 56653 24
56650 56686 93
56668 56670 294
56682 56704 35
56709 56742 162
56715 56758 71
56717 56759 106
56719 56759 71
56739 56745 67
56764 56808 6
56772 56800 146
56774 56789 71
56800 56836 203
56818 56822 223
56844 56872 46
56852 56872 250
56858 56859 186
56866 56897 296
56878 56906 43
56893 56920 111
56908 56941 159
56926 56959 46
56931 56974 289
56937 56964 120
56937 56987 251
56948 56994 234
56963 56987 121
56966 57002 123
56967 56977 19
56979 56981 296
56983 56997 9
57000 57020 16
57012 57013 45
57018 57044 180
57020 57037 289
57034 57069 24
57063 57099 297
57080 57090 270
57099 57118 223
57102 57147 20
57124 57161 102
57131 57158 101
57161 57202 72
57184 57225 52
57200 57219 256
57210 57241 105
57216 57262 137
57238 57288 215
57259 57266 63
57279 57308 95
57289 57332 275
57296 57314 240
57317 57341 233
57329 57353 240
57350 57392 150
57365 57406 143
57377 57395 214
57398 57427 211
57398 57436 14
57409 57442 286
57435 57448 249
57455 57495 166
57459 57486 263
57464 57484 21
57465 57514 99
57473 57518 66
57476 57496 208
57478 57519 47
57502 57505 111
57520 57558 11
57541 57574 105
57564 57570 253
57582 57605 138
57599 57642 111
57610 57654 274
57618 57636 4
57625 57651 51
57640 57689 271
57665 57675 268
57668 57704 291
57674 57698 68
57698 57738 143
57699 57735 91
57717 57738 78
57739 57781 262
57756 57796 221
57760 57796 41
57768 57797 187
57776 57786 117
57787 57825 295
57816 57828 7
57839 57882 138
57854 57900 286
57879 57923 243
57909 57959 289
57930 57934 150
57955 57998 227
57974 57994 3
57991 58002 69
58001 58019 35
58009 58014 139
58028 58068 233
58029 58042 205
58047 58083 78
58057 58087 267
58083 58107 221
58084 58123 182
58103 58118 61
58122 58125 197
58129 58134 279
58144 58173 174
58163 58182 252
58173 58210 147
58201 58219 87
58202 58247 230
58231 58261 206
58251 58284 182
58272 58283 4
58272 58298 96
58299 58338 62
58321 58362 165
58328 58356 146
58349 58395 91
58377 58395 156
58405 58452 278
58428 58440 188
58442 58470 1
58470 58492 38
58485 58502 174
58512 58533 61
58527 58529 209
58533 58538 14
58538 58561 133
58543 58551 172
58555 58569 24
58574 58623 141
58592 58598 296
58606 58612 239
58634 58674 124
58664 58687 93
58670 58708 11
58672 58722 24
58684 58685 78
58711 58758 153
58738 58757 20
58754 58768 148
58782 58802 93
58807 58855 74
58831 58871 188
58840 58845 57
58846 58876 277
58861 58904 34
58876 58911 54
58902 58910 282
58913 58930 32
58917 58943 168
58947 58995 295
58963 58975 194
58967 58973 230
58994 59017 45
59018 59031 219
59018 59050 196
59021 59052 3
59051 59086 219
59053 59099 71
59079 59083 66
59082 59102 202
59090 59112 238
59109 59130 255
59133 59182 295
59155 59189 159
59161 59173 88
59161 59179 151
59178 59185 174
59189 59197 115
59216 59262 49
59231 59235 156
59235 59260 125
59238 59279 233
59263 59283 284
59273 59304 166
59276 59280 296
59290 59322 165
59305 59355 180
59331 59371 131
59332 59363 35
59361 59398 242
59373 59375 198
59391 59424 250
59406 59427 203
59418 59430 290
59433 59465 98
59463 59489 215
59481 59503 281
59491 59509 19
59501 59503 71
59510 59526 89
59527 59559 93
59532 59580 76
59550 59590 190
59557 59590 157
59582 59625 204
59585 59614 248
59593 59602 78
59611 59656 129
59639 59651 226
59657 59669 6
59660 59705 248
59681 59691 100
59693 59724 115
59723 59769 209
59737 59749 285
59761 59764 32
59778 59783 169
59797 59809 108
59803 59839 204
59826 59837 36
59838 59885 186
59847 59876 292
59856 59879 141
59864 59875 149
59878 59892 47
59902 59919 115
59905 59941 41
59915 59948 27
59925 59970 258
59934 59936 165
59958 59960 75
59977 59987 229
59981 60031 217
60011 60026 212
60016 60033 251
60044 60046 9
60054 60103 252
60078 60115 297
60086 60122 85
60088 60096 173
60098 60121 295
60128 60149 147
60133 60137 86
60159 60199 61
60177 60207 201
60191 60199 276
60193 60208 121
60222 60238 189
60240 60272 94
60267 60273 275
60276 60289 224
60306 60332 260
60326 60352 53
60348 60366 214
60360 60394 170
60379 60386 90
60387 60409 36
60403 60444 29
60403 60441 63
60415 60444 18
60438 60462 165
60446 60453 27
60468 60515 133
60476 60483 13
60497 60546 247
60525 60542 185
60539 60578 233
60567 60610 244
60594 60644 25
60623 60628 137
60652 60662 34
60659 60674 270
60669 60700 239
60681 60702 25
60708 60732 218
60729 60737 86
60739 60775 92
60752 60782 104
60770 60797 220
60781 60785 21
60783 60829 201
60813 60852 96
60833 60846 27
60847 60869 86
60875 60891 60
60898 60939 146
60900 60920 57
60923 60972 265
60950 60999 49
60950 60963 37
60958 60997 276
60961 60964 191
60981 61017 20
60993 61042 57
60993 61024 120
61006 61013 139
61015 61061 10
61026 61073 41
61048 61065 85
61064 61109 199
61070 61094 258
61082 61087 103
61091 61123 44
61116 61142 266
61135 61174 114
61151 61156 210
61159 61184 18
61159 61209 199
61175 61183 96
61190 61198 143
61201 61212 291
61210 61220 123
61214 61215 282
61228 61254 65
61238 61243 213
61243 61293 87
61267 61269 209
61287 61320 291
61287 61320 282
61293 61311 28
61308 61316 232
61323 61347 18
61347 61388 139
61350 61377 208
61350 61365 80
61367 61372 216
61391 61427 44
61412 61458 152
61438 61470 56
61445 61494 169
61457 61476 217
61470 61514 108
61471 61488 192
61500 61505 63
61511 61556 24
61530 61580 220
61530 61555 230
61543 61593 250
61562 61593 51
61579 61590 289
61586 61635 12
61610 61650 199
61616 61617 224
61642 61656 137
61650 61683 131
61657 61690 170
61680 61683 56
61693 61739 34
61721 61722 44
61732 61755 251
61752 61762 19
61781 61791 157
61802 61809 27
61813 61863 189
61818 61822 298
61823 61846 218
61834 61872 49
61854 61874 180
61857 61868 187
61860 61903 251
61877 61896 249
61891 61900 287
61893 61939 177
61901 61923 170
61917 61953 253
61931 61964 215
61953 61957 296
61976 61988 183
62001 62043 69
62007 62019 167
62037 62062 272
62042 62054 277
62048 62065 214
62050 62069 40
62058 62104 136
62079 62114 269
62098 62104 90
62119 62135 190
62145 62182 72
62145 62151 135
62152 62169 169
62170 62204 92
62180 62197 266
62184 62227 106
62205 62243 37
62230 62254 188
62238 62284 134
62255 62287 213
62277 62307 279
62296 62317 81
62309 62346 247
62333 62365 113
62351 62386 161
62373 62386 131
62394 62419 91
62407 62409 186
62410 62423 184
62428 62446 88
62455 62491 231
62459 62470 237
62460 62489 43
62465 62485 300
62493 62498 266
62495 62540 176
62518 62530 272
62540 62576 49
62541 62556 110
62561 62577 8
62591 62613 147
62591 62628 45
62598 62639 128
62614 62621 54
62623 62633 201
62630 62652 246
62658 62687 152
62672 62717 126
62678 62695 11
62688 62718 149
62689 62728 236
62718 62760 281
62726 62750 245
62748 62761 47
62765 62787 71
62785 62833 230
62792 62807 79
62797 62826 112
62827 62877 51
62853 62860 161
62855 62860 278
62883 62898 25
62911 62958 163
62941 62990 200
62965 62991 231
62979 62982 159
62988 62989 13
63013 63059 293
63036 63055 164
63062 63081 196
63064 63065 249
63091 63141 117
63119 63132 140
63145 63156 235
63146 63184 92
63168 63179 210
63180 63191 211
63188 63202 283
63191 63218 131
63195 63224 295
63198 63240 249
63212 63260 226
63222 63263 163
63231 63242 291
63236 63266 219
63243 63284 229
63271 63290 210
63289 63319 189
63318 63337 47
63337 63358 265
63349 63363 22
63356 63370 109
63378 63413 103
63402 63450 50
63411 63448 279
63416 63439 263
63445 63469 277
63472 63500 123
63479 63513 201
63487 63492 173
63512 63522 140
63524 63571 55
63546 63594 16
63556 63604 5
63560 63567 210
63589 63612 52
63616 63638 102
63632 63677 21
63643 63654 219
63657 63697 72
63674 63714 68
63704 63731 169
63726 63760 219
63752 63797 98
63770 63771 3
63771 63776 110
63793 63806 153
63815 63849 64
63817 63838 142
63822 63870 299
63849 63872 142
63855 63887 169
63867 63869 21
63881 63906 6
63908 63923 167
63920 63959 70
63936 63950 110
63953 63958 38
63967 63977 227
63992 64034 292
63993 64004 8
64001 64020 216
64015 64045 149
64017 64024 104
64045 64060 51
64049 64082 177
64058 64089 275
64081 64130 260
64107 64151 246
64137 64185 117
64165 64214 150
64165 64208 242
64173 64187 268
64184 64224 124
64211 64257 11
64211 64214 159
64222 64229 177
64252 64299 189
64264 64294 28
64286 64316 100
64302 64345 39
64310 64336 291
64321 64346 179
64333 64343 146
64357 64365 90
64376 64422 280
64399 64402 66
64399 64400 101
64421 64464 21
64424 64458 56
64437 64448 109
64462 64499 73
64469 64478 113
64497 64540 31
64522 64534 162
64529 64550 107
64557 64591 147
64576 64615 112
64603 64634 182
64603 64612 43
64628 64654 128
64652 64665 43
64662 64664 128
64684 64702 237
64703 64724 162
64715 64758 156
64721 64757 16
64726 64773 174
64756 64780 221
64764 64767 158
64781 64806 185
64785 64825 179
64794 64811 126
64821 64855 265
64822 64844 192
64825 64839 123
64851 64890 14
64861 64894 235
64863 64882 243
64871 64877 286
64879 64915 63
64885 64915 160
64901 64902 26
64918 64943 35
64940 64965 87
64958 64993 131
64960 64974 202
64966 65009 130
64974 64977 50
65003 65010 237
65011 65045 20
65011 65013 26
65016 65017 293
65034 65054 23
65044 65091 41
65073 65117 9
65098 65108 260
65124 65139 68
65135 65155 62
65145 65173 51
65159 65176 289
65181 65199 240
65200 65216 252
65205 65210 220
65221 65230 176
65232 65248 42
65235 65269 87
65244 65285 289
65267 65277 285
65296 65339 236
65318 65332 183
65325 65332 213
65343 65374 188
65360 65405 158
65369 65399 114
65370 65401 243
65378 65419 190
65382 65385 209
65396 65406 218
65411 65421 167
65430 65443 251
65436 65482 37
65460 65490 37
65461 65493 98
65481 65504 98
65502 65545 66
65518 65544 187
65544 65579 175
65548 65577 107
65548 65577 124
65552 65590 177
65552 65580 58
65565 65575 171
65589 65608 269
65611 65650 147
65627 65661 34
65656 65697 114
65681 65684 214
65704 65719 56
65713 65721 219
65719 65765 289
65744 65787 107
65746 65780 203
65768 65776 73
65782 65788 22
65787 65821 24
65806 65844 45
65827 65854 300
65842 65871 259
65848 65870 7
65856 65873 1
65881 65885 291
65904 65929 259
65917 65925 18
65946 65975 144
65963 66001 129
65969 66007 145
65994 66011 236
66000 66004 185
66027 66031 200
66040 66090 108
66058 66096 275
66084 66099 232
66112 66139 276
66115 66157 253
66145 66170 177
66148 66171 159
66178 66191 97
66199 66236 200
66224 66260 255
66232 66264 86
66243 66291 183
66261 66285 40
66272 66276 82
66281 66306 58
66304 66345 265
66304 66354 50
66322 66372 137
66348 66378 247
66363 66409 75
66374 66419 24
66378 66403 244
66403 66435 165
66425 66439 266
66452 66480 24
66454 66483 287
66480 66521 163
66490 66524 155
66496 66515 265
66526 66540 57
66539 66542 206
66567 66592 210
66595 66624 38
66598 66635 48
66609 66622 7
66628 66660 210
66658 66696 241
66669 66719 248
66683 66724 152
66713 66729 4
66743 66772 279
66758 66767 27
66768 66781 218
66790 66805 211
66792 66823 219
66822 66825 208
66835 66875 258
66844 66877 175
66846 66848 242
66856 66865 62
66860 66881 286
66884 66889 15
66912 66942 108
66933 66965 45
66944 66975 26
66961 66966 30
66988 67007 65
67015 67042 97
67038 67058 259
67058 67084 101
67063 67096 254
67077 67094 235
67093 67128 13
67102 67152 270
67132 67152 224
67133 67176 97
67163 67194 101
67185 67235 77
67203 67249 284
67215 67246 183
67218 67254 96
67237 67264 137
67257 67269 26
67286 67334 174
67312 67321 137
67323 67342 136
67336 67386 73
67345 67393 4
67369 67419 21
67371 67397 85
67397 67413 59
67421 67444 10
67440 67460 134
67447 67490 239
67464 67509 237
67472 67499 85
67492 67501 126
67519 67537 52
67547 67559 226
67563 67591 63
67565 67575 36
67566 67608 34
67566 67610 226
67573 67601 174
67584 67617 163
67609 67632 206
67613 67617 146
67638 67655 236
67666 67692 172
67678 67680 293
67702 67739 235
67732 67776 214
67749 67769 122
67769 67771 39
67791 67818 12
67808 67855 124
67832 67836 253
67850 67884 279
67853 67856 279
67856 67892 227
67872 67913 278
67895 67945 67
67904 67925 36
67929 67968 70
67939 67947 280
67945 67991 209
67953 67957 62
67975 68009 260
68005 68049 297
68021 68056 157
68034 68058 198
68062 68084 212
68084 68094 297
68084 68087 273
68107 68153 293
68120 68126 18
68146 68167 87
68176 68181 125
68178 68189 295
68179 68183 118
68189 68196 188
68193 68241 268
68207 68229 288
68207 68251 118
68223 68264 151
68246 68263 271
68274 68289 195
68297 68310 76
68304 68324 84
68319 68321 105
68339 68368 153
68358 68401 39
68365 68402 183
68386 68410 156
68410 68427 168
68421 68446 161
68427 68457 228
68435 68465 244
68438 68445 48
68453 68490 286
68477 68478 218
68501 68522 58
68527 68569 171
68528 68573 163
68555 68567 111
68573 68600 170
68573 68586 233
68596 68642 94
68608 68646 284
68625 68645 175
68632 68651 260
68632 68639 60
68648 68681 265
68650 68692 230
68662 68706 263
68685 68701 232
68700 68701 154
68720 68725 257
68739 68776 286
68764 68767 243
68793 68800 118
68821 68847 156
68821 68843 282
68838 68864 113
68848 68884 234
68868 68898 91
68876 68907 169
68877 68900 12
68879 68905 165
68887 68922 253
68908 68925 61
68928 68931 108
68950 69000 298
68980 68990 263
68984 68998 27
68995 68999 295
69017 69025 54
69039 69072 190
69041 69056 247
69044 69048 300
69049 69089 76
69064 69085 219
69091 69118 183
69116 69123 60
69123 69132 278
69140 69150 229
69168 69203 270
69186 69218 18
69193 69214 122
69204 69213 278
69214 69236 235
69223 69254 253
69236 69254 285
69251 69270 277
69256 69266 145
69263 69289 12
69279 69319 103
69288 69302 41
69290 69304 75
69304 69350 5
69326 69370 249
69347 69384 213
69351 69372 51
69371 69415 63
69387 69397 222
69387 69426 187
69414 69440 183
69418 69421 252
69423 69429 119
69451 69453 75
69453 69461 53
69453 69502 258
69456 69505 144
69478 69515 133
69502 69548 41
69523 69549 19
69529 69573 217
69530 69546 232
69530 69552 73
69551 69600 147
69553 69571 102
69561 69601 174
69582 69596 263
69591 69596 84
69601 69604 274
69612 69647 77
69616 69663 180
69628 69660 286
69638 69663 130
69661 69674 241
69675 69703 276
69691 69724 144
69714 69742 134
69725 69734 55
69748 69797 207
69765 69784 207
69795 69818 62
69803 69809 9
69817 69860 267
69817 69856 25
69839 69841 249
69844 69870 15
69856 69882 150
69885 69902 106
69912 69920 243
69912 69917 88
69922 69935 46
69941 69962 276
69946 69952 172
69950 69967 19
69950 69955 206
69972 70014 152
69987 70005 69
69994 70030 132
69994 70012 17
70020 70028 132
70020 70062 294
70049 70071 295
70059 70102 40
70073 70116 147
70103 70141 260
70118 70143 22
70129 70164 266
70135 70161 258
70136 70137 62
70144 70176 63
70148 70191 285
70152 70156 133
70168 70189 159
70198 70229 61
70219 70248 107
70236 70282 244
70253 70256 46
70283 70328 182
70293 70328 96
70313 70327 203
70318 70329 243
70344 70365 120
70374 70385 16
70374 70422 100
70389 70431 167
70416 70462 80
70418 70449 199
70437 70478 292
70460 70487 78
70461 70501 250
70466 70472 142
70495 70522 45
70522 70557 152
70543 70558 228
70557 70602 60
70564 70578 142
70574 70596 239
70574 70610 196
70594 70627 286
70607 70649 153
70631 70680 14
70640 70669 216
70657 70679 103
70678 70692 142
70686 70711 180
70710 70727 296
70730 70764 173
70744 70793 223
70756 70800 277
70782 70829 8
70794 70817 7
70817 70826 60
70843 70878 107
70845 70855 231
70849 70859 25
70876 70881 88
70888 70910 118
70914 70929 94
70920 70931 231
70934 70970 26
70961 70998 181
70979 70990 271
71006 71042 162
71011 71012 248
71030 71076 275
71030 71034 255
71030 71071 261
71038 71041 101
71068 71112 231
71092 71125 121
71106 71118 91
71107 71112 226
71118 71140 81
71121 71164 97
71149 71166 178
71167 71183 148
71173 71181 187
71196 71232 30
71216 71235 300
71230 71247 258
71237 71256 87
71259 71300 169
71268 71289 130
71287 71297 111
71292 71294 184
71294 71326 276
71321 71327 127
71335 71357 283
71360 71373 281
71383 71404 102
71399 71440 295
71408 71430 292
71435 71446 79
71444 71463 287
71458 71470 30
71467 71469 211
71492 71514 28
71514 71535 211
71519 71537 100
71530 71553 131
71552 71555 55
71579 71580 31
71609 71626 21
71636 71653 84
71645 71666 245
71664 71680 171
71686 71730 187
71715 71765 222
71726 71775 28
71732 71752 213
71759 71792 156
71776 71780 47
71785 71831 12
71814 71832 255
71843 71867 238
71864 71868 24
71885 71903 273
71893 71943 34
71909 71947 245
71909 71950 179
71931 71976 37
71936 71967 210
71943 71945 3
71953 71979 34
71982 71994 104
72007 72032 194
72036 72057 130
72044 72061 25
72060 72109 249
72072 72085 93
72080 72117 196
72110 72154 209
72113 72141 236
72125 72161 58
72144 72147 120
72168 72192 172
72197 72217 36
72197 72227 162
72224 72268 225
72237 72257 292
72249 72250 290
72257 72277 45
72278 72285 202
72279 72319 100
72281 72290 272
72291 72294 179
72302 72303 252
72314 72354 52
72320 72345 170
72348 72384 109
72361 72376 166
72377 72388 179
72393 72420 287
72396 72439 83
72400 72403 202
72406 72417 278
72419 72424 59
72423 72463 36
72425 72456 126
72439 72480 72
72452 72483 236
72463 72486 87
72480 72501 135
72485 72487 109
72493 72518 297
72503 72530 90
72527 72546 101
72542 72556 239
72544 72563 151
72553 72593 219
72556 72557 186
72560 72600 217
72575 72582 66
72583 72587 209
72594 72601 217
72605 72630 171
72626 72650 157
72637 72666 211
72664 72707 130
72693 72735 101
72709 72747 77
72712 72750 258
72742 72784 40
72759 72769 7
72781 72822 6
72808 72827 128
72820 72837 245
72836 72853 175
72840 72877 129
72862 72870 298
72876 72892 261
72881 72896 39
72906 72919 201
72910 72934 10
72924 72930 181
72947 72954 45
72975 73021 104
72985 73000 265
72988 73030 147
73009 73046 285
73009 73018 205
73030 73065 212
73033 73059 261
73046 73069 107
73065 73071 211
73078 73110 248
73097 73099 241
73114 73146 269
73128 73172 51
73144 73192 50
73158 73184 259
73173 73217 146
73198 73203 44
73198 73221 184
73212 73225 91
73236 73257 127
73254 73281 189
73275 73284 7
73275 73309 33
73293 73313 248
73322 73350 71
73333 73346 158
73342 73383 53
73345 73346 274
73347 73358 252
73360 73396 273
73369 73410 135
73377 73396 167
73388 73390 93
73397 73421 297
73413 73427 91
73433 73459 175
73442 73481 38
73457 73461 111
73479 73485 35
73506 73523 45
73520 73564 228
73522 73568 101
73527 73554 166
73551 73552 253
73581 73591 65
73607 73645 188
73626 73635 253
73635 73646 83
73642 73650 218
73649 73674 90
73677 73704 169
73684 73688 135
73691 73705 3
73720 73753 16
73723 73761 25
73741 73777 79
73745 73748 153
73749 73773 18
73770 73777 90
73777 73783 162
73790 73792 145
73815 73819 90
73833 73834 217
73840 73870 42
73850 73899 145
73861 73908 12
73872 73914 144
73889 73903 38
73893 73915 160
73904 73946 40
73912 73944 287
73938 73956 116
73940 73987 17
73942 73978 145
73965 73988 96
73973 73997 197
73996 74011 135
74013 74045 174
74037 74070 236
74053 74091 78
74069 74093 232
74098 74127 288
74116 74118 22
74123 74154 277
74135 74165 173
74162 74184 230
74180 74198 277
74204 74247 150
74232 74234 250
74252 74293 244
74266 74311 59
74267 74296 159
74286 74312 226
74298 74340 202
74311 74351 15
74317 74346 234
74340 74375 43
74346 74374 102
74358 74368 11
74383 74433 82
74401 74421 263
74418 74451 233
74428 74465 278
74444 74469 58
74459 74466 14
74480 74527 13
74500 74537 59
74529 74579 129
74531 74556 242
74561 74591 56
74586 74626 7
74602 74613 15
74625 74666 207
74640 74650 80
74641 74685 36
74666 74703 279
74667 74707 76
74672 74717 4
74681 74724 237
74694 74716 289
74709 74726 47
74716 74720 254
74741 74757 84
74760 74810 158
74764 74794 233
74790 74793 106
74801 74829 263
74804 74845 45
74814 74855 260
74838 74887 114
74839 74844 256
74865 74880 94
74889 74936 18
74894 74913 229
74924 74927 190
74951 74978 243
74981 74982 19
74981 74991 234
74995 75030 196
75006 75052 47
75028 75070 215
75045 75046 165
75056 75094 264
75063 75064 108
75077 75123 19
75096 75124 175
75096 75131 72
75102 75130 249
75113 75145 183
75116 75137 196
75118 75123 4
75126 75148 100
75132 75178 191
75162 75182 2
75182 75223 76
