0 154
1 232
7 272
14 232
44 176
49 280
85 0
87 220
90 0
96 143
98 269
122 0
126 168
141 0
153 1
165 263
189 153
204 78
223 159
244 0
253 273
261 0
268 135
295 225
296 274
342 200
370 224
383 214
399 229
428 177
441 148
471 99
472 0
489 96
512 193
518 75
527 237
540 75
542 0
552 187
598 167
603 219
634 145
638 225
659 293
683 265
697 146
712 0
715 128
745 178
773 81
779 0
792 31
817 0
818 173
821 0
839 185
875 0
883 113
933 111
965 106
991 88
997 0
1016 190
1025 254
1064 8
1065 16
1074 8
1092 163
1094 168
1117 19
1118 147
1148 109
1180 56
1181 19
1190 67
1215 195
1242 118
1247 202
1275 40
1284 81
1295 236
1324 81
1329 162
1371 130
1383 170
1386 130
1396 117
1420 0
1426 2
1428 26
1462 120
1471 0
1478 263
1482 0
1485 262
1510 282
1555 253
1574 173
1578 137
1599 0
1603 44
1604 0
1606 269
1610 23
1624 190
1628 23
1640 234
1664 157
1676 42
1679 129
1689 221
1705 129
1706 95
1710 88
1714 113
1752 158
1771 1
1774 0
1781 117
1808 199
1818 0
1821 114
1846 267
1880 69
1894 160
1922 198
1935 290
1947 223
1974 165
1981 0
1991 246
2017 0
2023 74
2048 0
2049 249
2073 206
2118 156
2140 138
2141 254
2152 138
2165 131
2173 295
2184 50
2192 213
2209 0
2222 129
2232 208
2235 129
2243 142
2253 129
2264 196
2277 0
2280 220
2309 189
2329 297
2374 0
2388 222
2402 269
2445 234
2446 0
2449 141
2462 201
2501 5
2506 267
2550 288
2591 246
2597 294
2627 54
2645 85
2659 197
2665 208
2674 189
2683 158
2704 90
2708 105
2741 0
2745 300
2776 293
2778 0
2792 242
2833 15
2834 45
2854 167
2871 45
2876 8
2885 0
2895 297
2911 300
2948 295
2994 251
3010 196
3013 41
3017 52
3023 153
3029 177
3051 238
3058 284
3064 193
3085 158
3091 209
3101 235
3104 251
3113 235
3122 158
3124 0
3128 210
3137 222
3149 270
3172 0
3176 166
3186 0
3191 192
3210 276
3212 296
3252 263
3283 45
3290 176
3303 0
3314 222
3324 240
3336 0
3338 29
3344 0
3348 30
3362 277
3369 184
3395 207
3397 184
3413 0
3417 286
3423 298
3460 33
3468 0
3473 221
3481 0
3487 281
3526 238
3534 158
3547 130
3550 252
3553 266
3584 252
3588 163
3615 72
3621 102
3625 135
3639 102
3642 72
3645 23
3649 27
3652 122
3653 27
3667 0
3673 216
3706 168
3714 289
3730 168
3734 91
3750 222
3781 170
3787 234
3817 170
3818 103
3822 177
3841 103
3859 77
3860 214
3875 77
3884 82
3904 201
3912 295
3916 201
3917 238
3926 201
3943 189
3944 0
3946 119
3952 200
3954 119
3963 223
3988 45
3989 41
3998 284
4037 176
4046 0
4054 2
4066 62
4106 103
4134 0
4136 243
4140 169
4147 0
4161 275
4182 232
4189 135
4191 0
4213 185
4218 0
4235 101
4241 144
4274 123
4287 238
4295 15
4299 281
4306 0
4315 9
4337 175
4363 279
4408 96
4422 0
4427 83
4450 233
4490 0
4503 30
4519 49
4533 30
4536 0
4547 49
4555 0
4564 181
4592 161
4604 50
4608 190
4613 50
4617 49
4619 0
4628 206
4641 232
4643 267
4691 243
4725 151
4738 0
4739 267
4748 0
4759 199
4776 246
4798 179
4802 46
4805 31
4809 93
4830 31
4831 92
4848 190
4879 254
4897 0
4902 50
4932 183
4953 32
4963 88
4998 29
5009 146
5025 0
5030 259
5045 0
5051 160
5077 216
5088 220
5097 0
5111 272
5119 281
5147 185
5156 108
5171 212
5182 108
5188 172
5218 76
5224 232
5244 295
5288 271
5297 0
5306 158
5340 0
5348 111
5368 0
5376 262
5380 284
5399 262
5401 89
5408 0
5419 112
5439 211
5478 115
5503 83
5509 0
5516 5
5522 135
5532 246
5551 112
5559 98
5572 141
5592 243
5619 0
5620 1
5636 108
5654 140
5661 251
5709 8
5711 0
5717 108
5733 155
5755 210
5781 0
5791 101
5813 97
5821 191
5828 97
5830 282
5859 38
5864 181
5879 263
5883 287
5918 154
5947 0
5959 274
5982 26
5986 184
6015 134
6032 24
6035 36
6040 24
6044 0
6045 170
6055 0
6066 35
6081 29
6117 0
6128 74
6147 6
6156 0
6169 118
6173 152
6189 18
6199 69
6220 249
6226 295
6240 48
6241 172
6246 0
6251 79
6256 129
6290 61
6306 14
6307 83
6342 244
6379 207
6394 269
6397 67
6401 0
6423 193
6451 178
6480 82
6493 57
6510 0
6512 3
6525 94
6535 172
6538 94
6539 3
6541 0
6553 229
6569 285
6574 229
6603 106
6607 75
6618 221
6648 113
6654 221
6658 113
6662 0
6682 145
6687 87
6712 27
6724 111
6727 27
6751 225
6763 290
6767 225
6772 0
6790 236
6811 191
6823 258
6869 245
6871 134
6884 156
6900 206
6913 264
6931 265
6953 264
6954 0
6955 244
6992 88
7006 188
7009 199
7021 188
7043 29
7047 69
7059 118
7073 216
7078 141
7086 225
7130 217
7161 0
7169 183
7172 0
7186 154
7196 181
7217 272
7238 280
7257 272
7260 0
7267 170
7287 0
7294 86
7340 29
7341 136
7349 196
7371 46
7374 290
7397 260
7415 230
7425 0
7434 107
7454 240
7456 107
7468 0
7477 132
7491 191
7540 0
7555 109
7573 188
7590 0
7598 199
7631 271
7650 212
7683 269
7697 214
7712 100
7714 0
7730 61
7755 90
7766 168
7795 148
7796 0
7817 140
7818 0
7831 48
7846 0
7854 81
7875 271
7899 0
7902 87
7907 224
7909 87
7948 77
7950 130
7962 197
8006 77
8007 0
8009 49
8017 116
8035 295
8076 0
8095 264
8101 0
8120 140
8141 208
8149 285
8159 295
8170 285
8198 90
8199 177
8205 90
8207 100
8222 273
8266 152
8277 167
8283 152
8288 0
8298 212
8320 111
8323 245
8337 242
8343 0
8361 54
8366 0
8383 278
8387 0
8392 23
8402 50
8423 245
8445 113
8463 29
8473 167
8508 251
8534 0
8538 76
8558 0
8567 168
8592 0
8596 11
8617 0
8622 191
8634 192
8636 191
8645 156
8680 5
8700 218
8734 84
8751 0
8753 29
8764 159
8794 119
8802 0
8823 178
8833 0
8836 52
8838 0
8845 209
8850 0
8867 143
8882 0
8892 117
8912 0
8921 84
8932 160
8935 266
8944 160
8947 84
8968 8
8989 202
8998 221
9014 247
9047 0
9050 161
9061 252
9088 177
9098 234
9101 298
9149 79
9166 158
9195 145
9209 96
9215 228
9231 46
9239 0
9251 29
9266 289
9286 0
9289 261
9292 0
9307 273
9350 264
9363 226
9364 91
9372 0
9375 47
9384 0
9388 108
9407 0
9412 53
9415 280
9420 122
9425 276
9457 43
9461 146
9502 184
9536 203
9542 218
9548 152
9563 295
9608 273
9616 154
9625 233
9632 0
9651 84
9676 205
9698 292
9718 0
9725 198
9765 168
9775 290
9825 222
9831 175
9836 168
9873 0
9877 129
9893 123
9919 83
9920 286
9962 119
9976 193
10022 183
10035 164
10048 69
10058 37
10074 61
10098 104
10121 124
10123 0
10137 19
10157 8
10174 280
10214 211
10247 113
10273 75
10282 0
10284 23
10290 0
10306 86
10327 0
10329 128
10364 43
10367 0
10379 187
10387 0
10409 245
10435 281
10456 245
10458 153
10463 249
10478 300
10493 249
10512 84
10520 0
10522 147
10549 0
10551 107
10558 230
10568 278
10616 0
10617 142
10631 0
10632 10
10653 0
10658 45
10662 281
10665 45
10688 6
10708 21
10709 272
10740 295
10765 75
10767 0
10780 102
10784 0
10793 43
10798 101
10813 43
10828 192
10830 0
10838 223
10860 211
10863 299
10904 151
10906 109
10908 73
10911 78
10939 260
10978 53
10987 267
11020 0
11030 171
11058 235
11077 0
11087 85
11095 0
11116 92
11140 277
11182 272
11192 295
11229 82
11255 53
11265 281
11299 134
11316 225
11328 0
11335 105
11363 133
11380 138
11394 222
11407 175
11421 0
11431 128
11452 78
11460 0
11462 179
11464 203
11494 287
11503 203
11509 0
11518 13
11534 224
11578 123
11595 105
11596 0
11597 192
11645 148
11664 137
11675 0
11678 119
11684 64
11688 0
11691 64
11704 74
11710 141
11718 0
11721 200
11730 0
11741 281
11755 0
11769 223
11783 268
11786 223
11794 0
11810 31
11836 102
11849 0
11865 37
11870 0
11877 238
11894 0
11907 72
11915 154
11917 210
11966 0
11976 125
11993 283
12037 134
12046 286
12067 117
12092 74
12102 4
12103 0
12111 150
12141 142
12150 192
12152 142
12154 0
12166 207
12201 148
12221 237
12240 228
12257 0
12259 181
12262 0
12286 205
12293 0
12308 252
12322 263
12329 252
12342 245
12343 0
12344 99
12360 0
12366 19
12380 122
12391 290
12395 122
12399 142
12400 167
12449 162
12454 0
12470 151
12511 118
12532 145
12563 64
12605 61
12613 152
12622 61
12628 106
12629 61
12632 0
12637 236
12663 178
12665 229
12680 0
12684 41
12691 88
12711 0
12712 146
12715 0
12738 198
12751 233
12759 246
12767 233
12768 198
12774 259
12788 0
12798 298
12823 50
12827 0
12829 191
12837 239
12867 74
12884 274
12887 74
12894 0
12901 164
12937 179
12950 258
12952 179
12981 109
12990 0
12998 90
13012 141
13025 143
13027 274
13036 143
13039 230
13052 143
13054 141
13055 0
13061 64
13068 0
13076 46
13098 182
13117 0
13119 229
13155 46
13168 135
13195 216
13216 278
13265 0
13275 210
13296 277
13342 230
13351 249
13354 45
13376 290
13393 0
13405 230
13407 249
13424 230
13447 168
13466 163
13468 206
13513 128
13523 115
13528 0
13538 139
13576 158
13578 139
13588 0
13603 127
13612 0
13627 114
13628 0
13634 128
13663 223
13698 107
13699 287
13712 0
13717 53
13737 214
13764 152
13779 186
13783 152
13795 0
13798 168
13811 0
13813 176
13854 145
13856 110
13864 218
13891 274
13909 218
13910 165
13911 0
13928 103
13944 93
13945 175
13960 86
13968 282
14015 193
14017 200
14022 193
14036 263
14039 193
14040 77
14062 68
14067 20
14075 196
14094 154
14110 162
14128 154
14129 0
14130 206
14155 0
14157 99
14181 0
14186 108
14199 0
14201 228
14248 236
14270 0
14273 28
14279 0
14285 201
14296 0
14307 138
14323 0
14325 275
14334 0
14335 198
14336 0
14343 299
14346 0
14347 77
14353 0
14359 261
14364 296
14382 281
14416 169
14430 132
14435 58
14452 212
14478 46
14486 117
14492 123
14508 153
14529 270
14539 153
14544 0
14546 191
14590 176
14601 0
14608 250
14641 155
14658 165
14679 211
14707 230
14756 174
14772 0
14780 94
14787 167
14810 254
14828 288
14842 0
14846 120
14863 226
14874 120
14879 239
14927 225
14954 0
14955 229
14987 230
14989 229
14999 219
15004 221
15034 264
15038 221
15045 167
15074 244
15084 0
15094 236
15128 258
15173 117
15178 48
15193 159
15198 48
15212 252
15238 261
15262 150
15265 294
15290 104
15304 176
15318 255
15356 206
15378 195
15394 299
15434 259
15460 196
15471 0
15474 90
15489 0
15501 237
15537 147
15551 95
15552 105
15578 149
15590 105
15591 0
15603 72
15611 230
15614 96
15651 156
15661 196
15667 156
15673 211
15699 300
15766 287
15791 162
15792 0
15803 230
15807 273
15814 230
15822 0
15834 92
15841 299
15850 92
15854 140
15865 268
15908 226
15925 293
15931 226
15943 22
15959 45
15964 22
15977 0
15983 234
16006 281
16018 129
16039 25
16040 173
16047 0
16067 55
16093 295
16112 299
16159 140
16173 61
16188 0
16201 294
16234 191
16240 97
16249 178
16274 134
16287 0
16293 9
16306 39
16320 69
16347 252
16377 266
16399 259
16400 291
16445 149
16448 225
16492 187
16512 45
16513 58
16535 117
16557 0
16564 102
16602 130
16624 0
16627 143
16631 0
16646 186
16658 0
16668 225
16707 161
16728 0
16733 240
16738 67
16742 130
16751 53
16771 69
16799 0
16800 285
16814 0
16828 285
16875 187
16883 123
16901 192
16951 169
16959 57
16964 0
16983 89
16996 0
17008 101
17043 0
17053 189
17093 145
17120 62
17122 257
17140 58
17160 122
17166 298
17179 122
17187 0
17194 231
17199 0
17223 37
17236 158
17255 182
17257 0
17281 40
17295 0
17301 44
17304 190
17327 174
17328 225
17342 174
17344 0
17354 72
17362 141
17379 72
17391 204
17420 107
17452 12
17453 242
17480 0
17481 210
17502 238
17531 239
17533 238
17534 0
17539 262
17585 9
17598 288
17616 0
17623 116
17635 0
17642 206
17643 214
17675 213
17682 76
17688 131
17719 41
17739 224
17744 193
17756 25
17764 242
17786 0
17791 87
17810 202
17818 87
17828 0
17837 71
17861 233
17887 100
17915 0
17926 57
17928 0
17945 248
17955 0
17966 140
17967 182
17979 140
17980 185
17990 290
18038 27
18062 196
18080 0
18090 281
18124 19
18132 131
18143 225
18173 167
18196 191
18224 261
18244 89
18262 226
18281 252
18317 93
18321 0
18326 195
18343 201
18365 204
18367 247
18385 21
18408 222
18436 263
18467 115
18470 7
18472 0
18476 56
18481 200
18483 56
18506 37
18508 120
18516 37
18520 207
18544 161
18553 0
18573 2
18575 238
18577 299
18607 2
18611 37
18625 0
18630 113
18650 59
18663 191
18675 299
18687 233
18736 222
18762 249
18780 176
18796 0
18802 3
18806 198
18809 218
18814 279
18846 274
18850 51
18855 52
18879 51
18884 41
18913 121
18916 162
18926 121
18953 190
18958 121
18961 61
18962 95
18968 61
18977 86
19021 164
19039 82
19042 184
19045 82
19055 201
19097 0
19100 229
19121 249
19154 120
19171 294
19180 120
19182 43
19200 12
19215 140
19223 216
19247 27
19256 0
19264 79
19265 0
19289 138
19293 0
19308 158
19315 0
19320 266
19345 0
19348 165
19368 181
19395 200
19428 52
19438 0
19441 29
19465 102
19473 4
19482 101
19488 4
19494 0
19502 264
19526 189
19546 294
19581 21
19591 0
19592 136
19611 294
19631 162
19648 114
19662 91
19673 187
19688 283
19717 187
19722 0
19727 52
19752 267
19765 0
19773 259
19818 16
19819 0
19826 274
19860 121
19888 0
19897 70
19918 41
19937 291
19977 265
19982 255
19983 148
20014 60
20018 0
20025 255
20067 65
20084 296
20112 164
20138 15
20145 0
20151 162
20155 298
20186 289
20228 70
20237 89
20240 245
20260 238
20287 288
20320 35
20322 144
20344 282
20384 258
20394 273
20400 294
20413 0
20425 117
20431 259
20440 117
20451 179
20471 177
20494 110
20513 0
20516 266
20522 0
20532 2
20539 0
20546 22
20553 0
20555 12
20570 225
20596 12
20597 53
20603 111
20605 259
20638 205
20649 0
20657 119
20689 127
20693 281
20719 0
20720 10
20734 14
20740 91
20757 14
20764 49
20774 0
20784 48
20796 184
20811 0
20824 270
20858 157
20864 180
20891 23
20899 84
20916 158
20962 269
20970 291
20982 0
20989 255
21000 0
21002 225
21052 182
21059 262
21079 182
21081 0
21089 104
21106 106
21127 240
21136 106
21152 0
21153 293
21156 0
21182 221
21211 297
21243 0
21264 90
21271 0
21294 223
21316 235
21364 214
21369 0
21370 98
21398 227
21419 0
21420 85
21422 193
21440 293
21447 209
21458 193
21463 272
21470 193
21471 0
21476 237
21487 0
21488 137
21503 281
21512 137
21518 1
21523 44
21538 67
21552 128
21563 169
21582 151
21583 0
21589 156
21592 263
21639 187
21664 137
21675 38
21680 233
21688 0
21709 252
21712 283
21746 170
21775 0
21781 33
21788 244
21794 138
21808 256
21852 240
21854 255
21882 55
21885 0
21907 40
21940 295
21976 213
21992 19
22005 159
22018 19
22028 122
22029 19
22031 211
22038 240
22056 270
22065 286
22110 285
22118 131
22138 169
22171 105
22185 218
22220 183
22229 95
22238 282
22240 95
22253 79
22263 131
22313 40
22328 43
22341 115
22343 43
22346 133
22354 43
22365 146
22370 289
22406 222
22416 167
22422 55
22434 108
22440 55
22444 0
22454 6
22461 227
22476 270
22506 183
22517 0
22519 50
22544 119
22553 266
22558 208
22605 142
22611 206
22648 191
22653 144
22659 211
22674 285
22682 211
22684 0
22696 284
22706 0
22720 281
22734 224
22759 176
22767 135
22771 0
22797 98
22811 260
22842 54
22844 0
22853 196
22874 0
22878 111
22892 0
22908 153
22940 126
22968 78
22982 0
22988 190
22994 0
23006 59
23029 89
23042 235
23078 120
23087 165
23106 108
23118 195
23154 0
23165 292
23191 272
23204 238
23217 34
23234 0
23235 255
23279 185
23295 271
23339 134
23355 0
23357 293
23376 280
23391 0
23392 55
23400 282
23442 297
23490 200
23506 0
23514 239
23537 101
23549 187
23576 73
23583 225
23597 18
23599 0
23613 36
23615 83
23616 153
23639 181
23648 234
23659 42
23662 0
23681 121
23699 100
23704 182
23710 178
23745 191
23766 23
23790 193
23818 268
23825 193
23827 0
23839 173
23866 170
23885 110
23902 0
23907 92
23908 0
23928 292
23946 0
23952 89
23972 257
24018 227
24029 272
24078 94
24096 97
24124 191
24140 237
24142 191
24162 32
24178 82
24185 177
24187 262
24235 164
24257 54
24271 141
24302 91
24318 36
24326 197
24334 36
24337 0
24344 37
24368 82
24394 0
24397 11
24399 79
24425 67
24436 269
24471 0
24477 29
24500 199
24509 0
24514 163
24530 0
24542 297
24586 0
24589 79
24604 266
24654 234
24657 245
24662 234
24668 0
24687 68
24691 253
24726 68
24727 269
24739 0
24755 165
24777 221
24797 276
24798 221
24799 100
24837 172
24862 288
24905 294
24924 107
24930 150
24979 136
24996 198
25008 201
25029 198
25038 195
25062 82
25065 91
25077 229
25112 0
25114 246
25141 0
25142 125
25159 252
25171 282
25217 193
25230 292
25258 184
25289 0
25292 274
25299 0
25308 62
25320 0
25334 134
25354 278
25357 0
25371 71
25374 226
25402 71
25420 24
25426 158
25431 24
25432 228
25439 256
25459 289
25482 256
25483 283
25495 36
25498 0
25509 27
25517 0
25539 40
25552 161
25581 0
25582 149
25592 163
25598 0
25617 27
25639 227
25683 192
25684 0
25685 188
25708 231
25725 271
25769 10
25772 24
25792 59
25799 156
25804 59
25821 119
25839 0
25849 8
25873 19
25874 8
25889 0
25895 2
25898 0
25925 138
25928 274
25947 175
25989 267
25993 116
25994 0
26011 180
26038 286
26080 108
26106 98
26111 217
26118 98
26119 179
26120 192
26135 220
26164 276
26174 220
26183 5
26196 55
26205 224
26206 292
26236 100
26238 55
26239 0
26240 197
26273 151
26278 163
26292 151
26308 250
26315 25
26333 15
26346 127
26355 15
26362 19
26364 205
26372 19
26385 89
26400 287
26403 89
26419 126
26435 167
26440 0
26450 201
26490 94
26512 215
26517 27
26521 0
26542 170
26578 36
26582 21
26589 45
26609 202
26613 45
26628 57
26637 278
26671 262
26672 200
26687 238
26701 26
26715 37
26728 0
26739 113
26777 119
26782 113
26789 0
26791 1
26815 264
26828 0
26840 90
26841 252
26842 90
26860 19
26863 0
26873 129
26901 156
26914 296
26957 19
26959 0
26966 85
26981 104
27014 31
27026 59
27029 150
27062 278
27086 73
27088 94
27113 230
27134 146
27145 153
27151 267
27187 189
27207 281
27242 57
27259 0
27282 206
27297 115
27301 163
27339 0
27349 277
27365 278
27366 277
27372 38
27389 9
27406 0
27409 191
27434 214
27440 188
27458 55
27461 84
27465 55
27473 113
27482 0
27491 219
27511 92
27529 0
27531 89
27539 0
27555 164
27562 0
27585 261
27607 0
27619 174
27639 24
27654 0
27658 137
27668 290
27675 0
27683 280
27694 0
27702 143
27727 8
27740 66
27754 0
27763 79
27775 182
27780 0
27798 278
27824 26
27828 187
27841 26
27850 0
27855 117
27870 0
27873 245
27892 288
27936 0
27941 249
27952 269
27987 273
28004 6
28020 43
28023 6
28045 193
28080 210
28093 226
28106 210
28108 151
28118 11
28128 0
28130 285
28174 0
28178 58
28181 267
28217 220
28219 229
28236 179
28268 154
28291 126
28295 71
28308 300
28353 247
28373 255
28387 215
28409 160
28418 219
28449 144
28468 0
28472 17
28488 177
28492 239
28538 0
28541 41
28559 75
28565 187
28574 75
28594 61
28601 243
28630 98
28654 269
28670 300
28705 257
28707 262
28728 260
28753 83
28756 0
28758 110
28779 0
28784 185
28820 17
28825 54
28828 254
28857 206
28896 148
28901 161
28915 265
28960 176
28970 227
28978 176
28981 248
29021 216
29029 0
29040 247
29060 283
29061 295
29074 278
29083 129
29088 51
29094 0
29099 35
29122 0
29123 164
29148 196
29182 233
29202 175
29222 198
29240 288
29273 230
29293 0
29297 199
29316 0
29317 39
29328 284
29336 113
29355 167
29356 265
29367 167
29384 185
29403 201
29411 49
29430 188
29439 0
29447 129
29452 0
29460 218
29492 32
29508 185
29536 233
29550 244
29590 211
29600 253
29625 283
29631 286
29645 283
29663 35
29687 37
29694 145
29714 37
29716 0
29717 223
29750 4
29751 273
29793 69
29804 124
29834 18
29839 0
29852 72
29864 297
29912 184
29946 44
29956 256
29995 182
30006 184
30030 0
30038 241
30043 287
30053 241
30075 0
30083 128
30102 204
30121 128
30125 0
30128 159
30144 276
30155 278
30191 266
30223 216
30243 0
30245 273
30284 110
30295 0
30301 80
30306 169
30307 80
30331 267
30367 289
30390 29
30394 150
30435 0
30446 106
30460 182
30505 98
30513 40
30516 160
30542 179
30557 160
30564 294
30591 213
30594 240
30636 0
30640 109
30670 0
30687 9
30690 245
30737 198
30764 156
30771 278
30811 288
30831 217
30836 0
30860 247
30869 0
30879 220
30927 179
30935 92
30948 203
30956 273
31001 264
31027 261
31040 0
31041 201
31050 235
31054 276
31097 107
31098 8
31101 0
31113 207
31143 261
31169 67
31173 258
31193 0
31197 218
31203 89
31212 174
31240 291
31251 246
31284 260
31297 270
31312 257
31320 201
31331 0
31343 89
31355 167
31382 296
31421 0
31428 21
31433 183
31464 201
31479 183
31483 32
31494 0
31496 62
31527 7
31529 0
31532 195
31582 0
31592 55
31603 131
31630 141
31632 274
31657 81
31673 9
31679 12
31717 0
31723 140
31750 225
31773 227
31816 226
31826 104
31840 279
31873 211
31895 263
31898 211
31903 55
31910 0
31914 137
31923 107
31928 170
31936 190
31946 107
31949 36
31951 0
31955 150
31970 0
31980 201
32002 103
32003 92
32025 159
32035 272
32062 188
32075 294
32108 195
32130 98
32133 119
32145 259
32173 76
32183 187
32193 0
32196 39
32210 75
32235 273
32285 203
32301 0
32306 70
32309 291
32343 200
32360 106
32375 18
32379 123
32386 18
32390 7
32392 204
32407 103
32409 0
32415 169
32453 92
32474 214
32504 241
32516 171
32538 0
32544 107
32565 240
32586 277
32623 157
32627 259
32647 271
32696 39
32702 183
32731 286
32743 183
32747 0
32752 92
32773 284
32778 92
32794 0
32795 104
32812 268
32826 21
32842 78
32849 21
32857 0
32865 246
32874 174
32906 65
32943 8
32950 0
32957 263
32978 121
33007 49
33008 95
33034 258
33071 228
33103 159
33123 0
33129 142
33153 185
33194 165
33196 161
33197 173
33199 240
33201 300
33224 282
33244 0
33250 184
33264 198
33265 184
33273 89
33282 257
33324 194
33346 233
33350 0
33360 51
33384 0
33385 104
33419 0
33428 166
33444 169
33490 78
33494 236
33511 52
33518 10
33524 261
33547 275
33580 147
33583 0
33584 146
33588 264
33600 214
33638 110
33639 197
33648 244
33681 296
33729 109
33743 222
33771 48
33799 143
33818 159
33866 119
33872 106
33873 99
33878 20
33884 0
33895 125
33932 174
33956 232
33969 239
34005 134
34008 203
34035 224
34050 0
34051 112
34060 0
34079 252
34121 46
34128 187
34129 46
34135 0
34149 180
34172 136
34180 287
34221 134
34238 91
34263 266
34308 212
34309 257
34317 299
34348 215
34359 234
34370 215
34380 42
34384 34
34397 144
34406 0
34426 15
34471 0
34472 268
34503 234
34526 275
34537 234
34547 182
34551 159
34560 218
34599 262
34629 176
34656 201
34678 0
34680 127
34683 202
34689 127
34704 0
34705 63
34716 156
34737 63
34738 0
34745 206
34787 102
34790 189
34793 102
34812 0
34814 215
34822 271
34837 215
34841 0
34844 276
34885 55
34893 9
34909 5
34917 294
34936 262
34950 252
34988 104
34994 0
34995 216
34997 0
35017 94
35030 0
35034 182
35035 0
35062 63
35065 0
35083 223
35114 252
35137 0
35139 4
35163 28
35182 0
35188 157
35194 0
35203 201
35208 0
35215 209
35218 260
35229 209
35234 288
35243 209
35261 133
35278 13
35280 219
35298 134
35312 238
35324 298
35325 238
35336 183
35344 0
35349 162
35362 0
35375 252
35385 0
35394 296
35417 0
35423 13
35445 96
35473 0
35475 255
35519 177
35523 0
35530 67
35549 141
35550 67
35552 136
35565 0
35577 20
35592 0
35595 59
35597 280
35620 241
35639 0
35645 14
35650 140
35661 14
35667 75
35684 153
35710 295
35743 0
35747 250
35784 229
35824 274
35861 13
35865 54
35874 13
35876 255
35880 13
35889 0
35900 80
35902 0
35920 77
35924 0
35943 207
35955 226
35980 207
35992 66
36007 0
36011 143
36024 0
36034 297
36044 54
36049 145
36065 53
36068 0
36082 197
36128 0
36137 102
36175 162
36211 81
36213 212
36224 271
36240 212
36244 6
36260 126
36296 98
36317 147
36351 137
36354 280
36361 137
36367 0
36381 242
36386 0
36402 239
36426 254
36455 125
36461 43
36471 0
36474 226
36512 150
36522 197
36524 217
36555 160
36560 0
36567 121
36584 262
36610 0
36613 195
36615 0
36619 241
36652 216
36658 135
36671 254
36696 188
36724 64
36728 0
36739 144
36758 0
36767 123
36792 226
36809 0
36815 216
36844 249
36878 81
36881 271
36924 6
36936 74
36950 100
36988 92
36992 264
37001 92
37004 56
37018 1
37024 153
37033 1
37039 207
37050 9
37065 45
37082 0
37092 268
37130 0
37147 119
37148 0
37166 141
37172 261
37196 256
37207 23
37217 60
37234 0
37245 281
37255 0
37274 29
37296 249
37330 78
37344 66
37352 234
37379 235
37396 256
37431 248
37440 69
37456 234
37486 207
37496 0
37505 183
37518 0
37528 286
37539 0
37545 265
37588 240
37613 169
37629 234
37632 169
37634 260
37665 79
37670 225
37719 0
37733 147
37742 229
37768 159
37773 135
37797 116
37798 278
37804 196
37812 116
37814 285
37838 192
37845 283
37855 0
37872 251
37882 0
37899 258
37935 225
37938 252
37949 109
37951 273
37956 28
37960 184
37986 260
37987 184
37997 9
38002 0
38010 137
38019 43
38024 157
38039 163
38078 64
38087 151
38091 161
38100 151
38135 111
38137 0
38147 181
38183 159
38191 134
38219 192
38237 173
38258 202
38276 208
38292 23
38298 66
38302 120
38312 66
38316 0
38322 278
38345 0
38346 112
38371 140
38384 0
38386 97
38392 181
38402 86
38404 70
38417 0
38419 242
38457 207
38461 88
38468 184
38478 88
38485 95
38503 0
38509 146
38535 2
38551 165
38556 2
38561 0
38577 4
38596 110
38630 217
38651 0
38653 243
38694 155
38704 229
38730 266
38767 170
38777 147
38791 111
38796 184
38825 68
38843 290
38881 155
38884 3
38889 151
38901 3
38905 0
38915 300
38939 22
38964 0
38978 259
39004 244
39011 185
39023 0
39026 93
39033 0
39035 124
39062 70
39069 0
39071 155
39078 249
39108 211
39112 275
39143 122
39148 261
39152 285
39175 89
39193 298
39200 89
39202 0
39211 107
39225 0
39232 146
39254 188
39283 99
39288 247
39305 99
39312 34
39315 0
39331 91
39334 280
39379 17
39389 110
39395 17
39412 229
39418 237
39444 207
39445 0
39450 40
39455 233
39468 272
39493 190
39496 196
39532 176
39545 0
39555 52
39569 240
39614 63
39624 142
39626 63
39636 0
39641 221
39660 176
39675 288
39689 176
39693 292
39737 0
39742 199
39746 0
39754 259
39790 100
39793 177
39814 244
39818 177
39828 124
39841 141
39867 247
39903 93
39912 49
39923 0
39926 152
39949 273
39957 152
39976 10
39988 276
40021 122
40029 163
40044 225
40069 165
40077 0
40083 296
40092 0
40113 85
40128 155
40137 202
40158 120
40164 0
40169 107
40175 0
40193 284
40235 75
40241 0
40246 177
40262 265
40280 207
40296 19
40306 269
40354 0
40368 126
40383 30
40404 0
40406 184
40416 0
40426 211
40474 108
40475 124
40500 266
40540 187
40552 244
40596 259
40617 0
40620 146
40634 0
40641 106
40665 239
40667 106
40685 236
40710 284
40731 0
40741 262
40768 232
40773 143
40781 295
40807 281
40819 253
40841 151
40854 0
40868 68
40871 145
40892 146
40893 145
40901 68
40902 241
40904 294
40954 129
40955 0
40961 196
40967 65
41006 199
41041 50
41049 271
41074 70
41076 169
41081 70
41088 288
41090 70
41097 188
41099 240
41129 268
41141 240
41148 163
41149 105
41171 107
41178 105
41184 0
41188 284
41214 0
41216 31
41238 269
41260 31
41261 0
41264 115
41293 169
41308 200
41316 0
41325 90
41337 192
41356 299
41393 31
41400 269
41412 0
41416 212
41429 0
41439 63
41443 0
41455 238
41467 275
41471 238
41492 0
41498 108
41516 224
41525 251
41547 224
41554 168
41580 0
41581 239
41613 141
41617 0
41632 97
41634 0
41659 191
41662 0
41663 140
41673 0
41684 207
41715 0
41718 93
41736 0
41742 111
41753 298
41768 111
41778 200
41784 111
41791 211
41820 82
41831 183
41850 258
41884 191
41889 283
41934 2
41941 51
41973 225
41984 275
41986 286
42017 44
42029 42
42053 0
42057 21
42061 178
42071 21
42093 176
42109 0
42123 110
42125 0
42147 170
42170 270
42186 170
42192 115
42199 148
42245 15
42251 216
42258 15
42275 214
42292 0
42298 46
42337 274
42338 10
42342 94
42361 184
42377 94
42383 7
42388 0
42394 191
42438 179
42456 233
42477 0
42479 194
42496 57
42525 130
42540 0
42541 207
42548 213
42577 16
42587 294
42611 0
42614 189
42615 40
42639 0
42642 118
42672 135
42686 0
42694 17
42695 0
42702 160
42707 0
42721 157
42725 241
42756 223
42771 63
42797 292
42835 164
42854 230
42897 0
42911 12
42918 47
42936 132
42951 0
42962 13
42966 38
42974 13
42982 141
43030 6
43036 5
43040 245
43063 269
43082 297
43110 262
43118 244
43142 0
43146 210
43166 224
43172 210
43176 0
43180 267
43201 0
43213 99
43237 291
43243 0
43266 41
43276 0
43292 294
43318 288
43326 210
43331 0
43351 74
43360 202
43363 145
43370 194
43386 0
43387 174
43418 32
43419 230
43421 243
43431 230
43441 252
43452 0
43461 241
43501 140
43512 0
43514 147
43533 0
43539 131
43545 0
43546 140
43602 159
43635 0
43639 1
43666 132
43683 164
43710 0
43711 212
43714 0
43734 69
43746 243
43777 263
43783 0
43804 291
43817 30
43846 1
43868 219
43909 193
43917 166
43927 144
43933 81
43954 132
43970 78
43972 164
43975 78
43984 0
44000 131
44011 171
44018 213
44025 171
44026 131
44049 107
44067 146
44072 107
44091 104
44097 213
44098 104
44112 0
44120 108
44141 121
44145 138
44156 0
44163 282
44166 0
44183 183
44221 1
44228 226
44235 1
44237 0
44252 118
44254 0
44263 92
44281 223
44284 92
44289 269
44334 274
44341 0
44350 273
44376 0
44379 209
44381 179
44385 0
44401 155
44422 0
44431 163
44434 258
44440 269
44468 114
44470 153
44488 141
44504 143
44514 284
44551 56
44558 0
44572 163
44574 210
44590 201
44600 229
44606 201
44622 117
44639 0
44645 233
44647 0
44654 233
44663 239
44697 184
44707 143
44731 249
44738 143
44740 0
44745 114
44762 29
44765 286
44798 0
44809 37
44824 300
44833 86
44858 0
44860 206
44908 159
44932 70
44941 51
44953 147
44977 51
44979 281
45015 114
45036 262
45073 281
45078 0
45080 137
45104 196
45118 214
45134 272
45164 128
45199 120
45215 0
45228 227
45247 0
45253 246
45278 0
45280 266
45316 283
45366 63
45392 0
45393 129
45403 183
45446 135
45453 235
45488 241
45504 0
45506 1
45520 134
45525 1
45534 136
45536 1
45539 0
45545 51
45562 170
45571 208
45580 51
45588 290
45593 51
45595 0
45613 284
45625 0
45630 260
45666 177
45694 218
45744 0
45755 54
45765 66
45767 109
45789 54
45791 207
45803 230
45822 251
45856 264
45867 251
45870 0
45884 292
45900 0
45908 121
45916 286
45945 37
45956 20
45974 261
46003 119
46017 195
46036 252
46051 195
46064 0
46066 131
46088 227
46124 295
46174 146
46200 213
46210 146
46223 120
46227 0
46246 194
46276 246
46289 0
46293 170
46312 192
46331 279
46357 125
46389 136
46390 270
46413 136
46420 257
46422 136
46426 100
46429 0
46432 174
46434 254
46442 174
46452 0
46461 110
46487 139
46492 110
46501 118
46513 213
46523 118
46548 0
46560 223
46606 173
46624 0
46625 61
46661 13
46669 0
46672 42
46680 125
46724 110
46725 158
46744 110
46747 0
46751 294
46797 238
46798 0
46812 231
46824 248
46844 246
46856 240
46882 8
46883 202
46893 281
46914 300
46921 281
46941 0
46943 180
46951 0
46967 286
47014 249
47020 287
47051 105
47073 128
47102 143
47109 298
47120 143
47127 216
47159 150
47170 168
47184 0
47193 31
47199 55
47206 284
47226 67
47249 257
47255 283
47293 274
47308 221
47313 77
47321 0
47329 267
47346 147
47355 112
47369 254
47416 90
47420 93
47423 90
47426 197
47434 90
47445 57
47446 150
47476 131
47491 299
47523 172
47533 130
47565 21
47573 229
47598 161
47602 224
47631 151
47653 0
47654 123
47679 104
47682 0
47692 81
47699 155
47722 243
47748 155
47749 0
47751 209
47772 0
47780 181
47797 194
47837 0
47840 137
47870 58
47877 222
47890 231
47898 222
47903 0
47913 61
47933 0
47936 210
47968 213
48015 0
48038 128
48054 0
48064 10
48067 0
48069 95
48099 169
48117 154
48123 0
48126 142
48131 232
48135 142
48159 244
48177 166
48207 87
48220 0
48224 228
48239 267
48267 0
48273 7
48287 0
48303 139
48305 270
48338 195
48342 95
48345 192
48374 213
48402 90
48403 129
48410 130
48447 122
48453 261
48493 170
48503 0
48512 198
48556 27
48564 135
48576 165
48598 0
48604 241
48627 263
48659 244
48660 103
48673 94
48694 260
48698 275
48713 289
48754 167
48763 0
48769 204
48776 0
48795 263
48818 0
48821 100
48831 133
48840 253
48876 89
48879 126
48882 0
48885 61
48907 254
48937 258
48948 0
48959 178
49005 72
49017 4
49021 142
49032 289
49070 0
49075 97
49080 277
49121 241
49123 102
49131 179
49149 178
49185 0
49196 224
49233 300
49268 0
49279 38
49281 45
49293 46
49324 297
49343 45
49345 0
49353 7
49360 108
49383 0
49385 39
49390 0
49399 25
49412 0
49421 202
49429 299
49442 202
49454 271
49462 202
49467 162
49483 112
49501 0
49503 260
49520 9
49521 216
49546 156
49556 196
49557 156
49573 0
49574 147
49600 148
49604 138
49619 106
49649 63
49661 158
49682 0
49697 161
49704 264
49736 0
49754 144
49757 187
49807 13
49814 281
49858 243
49866 217
49867 269
49896 209
49901 292
49941 230
49943 223
49970 11
49982 172
49995 208
50025 216
50046 281
50051 216
50071 77
50077 231
50121 21
50129 14
50141 0
50142 149
50173 35
50187 5
50193 0
50197 84
50227 206
50245 214
50281 0
50284 150
50292 176
50304 0
50312 9
50330 189
50343 62
50354 0
50358 14
50361 159
50369 192
50370 159
50377 14
50381 152
50398 14
50402 0
50405 156
50413 261
50436 29
50442 0
50455 93
50477 136
50479 241
50492 136
50506 211
50511 239
50519 211
50523 132
50534 97
50539 0
50552 6
50581 137
50582 98
50592 240
50609 98
50610 0
50612 7
50621 0
50636 194
50641 0
50663 258
50690 220
50726 30
50745 0
50746 220
50747 0
50771 153
50779 0
50801 171
50826 275
50853 212
50863 298
50912 134
50916 217
50946 286
50987 228
50994 178
51024 27
51028 7
51032 126
51037 7
51038 121
51061 127
51066 257
51072 127
51095 285
51117 0
51128 110
51151 0
51157 259
51192 265
51213 279
51242 176
51250 173
51257 256
51301 0
51316 12
51320 0
51323 253
51331 0
51340 171
51366 173
51383 0
51385 279
51390 48
51392 243
51407 253
51434 122
51461 131
51468 122
51478 108
51491 246
51515 0
51516 12
51530 22
51545 210
51571 29
51579 0
51582 57
51603 0
51610 252
51624 259
51640 295
51652 259
51662 217
51702 83
51714 298
51736 18
51748 188
51782 30
51789 118
51821 0
51822 280
51865 0
51866 55
51889 97
51907 113
51923 158
51929 257
51948 158
51959 97
51978 1
51981 266
52007 290
52024 266
52031 138
52034 283
52048 153
52052 287
52100 87
52102 60
52107 242
52108 250
52147 131
52155 187
52167 131
52168 183
52188 244
52199 24
52219 0
52220 51
52243 195
52266 285
52274 195
52285 217
52304 62
52315 127
52348 126
52349 155
52362 126
52364 179
52409 66
52424 1
52427 237
52428 1
52434 0
52447 20
52471 116
52480 248
52528 60
52547 26
52552 116
52587 16
52595 210
52622 273
52670 249
52671 290
52672 249
52681 159
52703 263
52734 135
52753 102
52757 205
52762 262
52772 205
52791 22
52796 0
52798 9
52812 0
52818 150
52826 233
52837 299
52850 233
52860 150
52862 0
52866 118
52879 0
52885 80
52918 61
52926 295
52967 0
52971 229
52999 0
53014 157
53055 19
53079 178
53098 269
53099 178
53114 0
53126 132
53152 0
53154 145
53172 144
53183 289
53223 131
53230 106
53236 256
53258 0
53262 106
53288 265
53338 177
53353 216
53386 169
53394 210
53412 212
53422 210
53424 0
53436 68
53444 237
53474 208
53498 169
53504 237
53529 0
53540 176
53584 133
53603 238
53633 294
53656 296
53668 286
53692 272
53715 0
53719 81
53728 265
53730 145
53744 257
53777 284
53788 243
53836 84
53853 152
53880 227
53895 0
53904 181
53919 150
53924 231
53927 150
53947 272
53976 294
54025 140
54030 0
54048 261
54095 262
54138 49
54149 298
54196 0
54202 272
54230 262
54231 95
54236 196
54262 145
54265 0
54282 90
54287 0
54303 260
54343 219
54367 127
54400 245
54424 51
54428 261
54440 292
54481 58
54517 28
54525 0
54529 177
54548 273
54550 177
54568 255
54597 288
54610 255
54612 0
54617 227
54635 214
54640 278
54669 148
54670 291
54699 249
54709 0
54711 95
54717 0
54719 70
54743 298
54777 256
54785 230
54786 161
54790 0
54813 87
54826 0
54837 97
54853 79
54854 272
54856 0
54880 16
54899 105
54924 285
54966 130
54985 80
54995 224
55020 80
55040 242
55057 289
55069 296
55079 0
55086 249
55125 127
55137 218
55154 299
55197 264
55236 287
55281 17
55304 0
55306 182
55314 252
55338 292
55344 252
55355 299
55393 226
55399 0
55404 227
55446 151
55461 88
55463 139
55479 151
55480 203
55486 211
55498 276
55519 211
55526 204
55532 202
55551 117
55563 124
55568 185
55589 224
55639 35
55647 0
55662 15
55676 285
55692 15
55698 180
55705 15
55706 0
55727 101
55742 0
55751 288
55767 0
55776 4
55781 28
55782 195
55806 251
55846 300
55870 105
55874 151
55917 0
55938 287
55986 271
55996 78
56007 251
56052 79
56054 220
56075 181
56090 7
56096 233
56112 277
56122 233
56126 0
56138 262
56162 169
56197 84
56212 64
56218 63
56228 164
56238 167
56255 164
56267 278
56289 0
56297 173
56334 91
56352 40
56368 176
56378 0
56380 68
56408 195
56419 68
56427 44
56428 97
56453 159
56468 202
56494 145
56535 115
56559 130
56572 222
56580 216
56583 130
56599 0
56602 150
56603 0
56606 222
56636 287
56654 141
56655 280
56679 33
56680 36
56691 243
56697 36
56704 0
56717 77
56722 126
56724 216
56745 193
56779 127
56780 0
56786 36
56818 286
56832 143
56847 168
56850 220
56867 168
56897 157
56906 116
56907 0
56908 155
56926 200
56948 252
56987 284
57034 0
57038 148
57051 198
57070 83
57075 0
57079 84
57085 261
57097 84
57101 139
57140 189
57169 240
57209 211
57228 136
57268 0
57269 236
57282 91
57286 0
57296 177
57306 0
57326 243
57373 270
57414 136
57441 191
57448 298
57486 273
57505 129
57526 35
57535 0
57542 187
57547 0
57568 146
57575 0
57582 192
57596 253
57635 212
57655 130
57664 289
57678 130
57684 0
57685 187
57686 0
57688 25
57705 208
57723 295
57766 91
57774 219
57782 0
57792 186
57833 55
57839 217
57876 248
57882 217
57888 156
57897 62
57898 245
57901 62
57904 0
57924 49
57928 0
57947 77
57956 0
57964 168
57977 0
57980 116
57994 0
57998 248
58017 135
58061 295
58095 279
58118 110
58122 0
58127 20
58134 0
58135 154
58145 208
58155 154
58164 238
58185 54
58186 83
58188 271
58189 54
58204 0
58211 216
58243 133
58257 72
58261 266
58309 293
58318 141
58324 300
58367 128
58378 98
58398 82
58435 66
58455 0
58462 261
58463 0
58473 224
58480 0
58501 97
58513 100
58544 0
58547 86
58555 215
58565 244
58597 0
58609 199
58626 0
58631 245
58639 0
58656 68
58660 240
58679 274
58722 122
58735 0
58737 139
58751 246
58776 139
58778 253
58781 0
58790 216
58791 253
58836 142
58842 274
58891 0
58909 140
58918 226
58923 260
58944 226
58964 44
58970 271
59019 170
59028 275
59030 170
59042 73
59056 120
59082 266
59098 0
59109 166
59129 167
59139 184
59157 0
59166 64
59185 284
59228 279
59261 0
59272 256
59319 203
59345 199
59349 50
59355 111
59359 249
59374 111
59396 282
59408 198
59412 233
59434 243
59437 233
59457 0
59462 27
59471 0
59477 148
59508 40
59525 179
59529 40
59530 281
59550 282
59554 281
59570 0
59579 38
59602 272
59619 208
59629 193
59644 283
59689 262
59704 0
59710 140
59725 211
59761 193
59771 0
59773 296
59794 266
59796 229
59801 268
59838 213
59859 269
59894 211
59916 3
59924 112
59944 0
59950 130
59987 218
60009 42
60012 0
60031 270
60061 242
60089 190
60125 163
60129 85
60130 230
60167 275
60203 210
60206 46
60213 247
60230 290
60252 273
60270 206
60272 246
60281 253
60304 19
60313 247
60359 0
60361 232
60370 0
60375 99
60394 299
60425 0
60428 188
60435 258
60456 188
60475 128
60478 0
60479 255
60498 0
60502 275
60541 264
60547 60
60559 195
60563 0
60588 271
60618 124
60635 94
60654 194
60655 94
60657 287
60704 169
60728 114
60758 19
60759 171
60781 240
60831 199
60833 124
60850 264
60878 229
60901 0
60911 199
60924 259
60947 296
60997 283
61008 286
61009 283
61028 0
61045 128
61063 0
61071 142
61073 0
61079 84
61089 228
61119 243
61127 228
61130 181
61138 197
61154 115
61156 0
61160 283
61187 197
61204 4
61215 81
61224 4
61239 174
61257 0
61267 175
61271 3
61275 0
61281 91
61296 126
61314 228
61325 181
61352 149
61353 0
61355 10
61380 110
61383 0
61384 109
61406 232
61431 290
61454 0
61459 58
61507 0
61519 194
61524 282
61564 274
61575 172
61577 191
61627 26
61646 57
61672 225
61700 295
61706 225
61711 0
61729 232
61754 97
61766 0
61769 123
61801 266
61815 123
61816 16
61820 85
61864 23
61868 79
61876 0
61881 76
61889 191
61904 246
61927 76
61931 0
61934 123
61948 281
61964 35
61968 0
61978 163
61991 0
62000 104
62010 0
62024 37
62041 179
62054 231
62070 179
62081 9
62092 132
62121 194
62135 284
62182 193
62200 253
62210 0
62213 246
62222 0
62235 18
62248 244
62292 170
62297 75
62311 186
62338 274
62379 177
62391 162
62404 103
62437 94
62463 93
62473 221
62480 276
62502 257
62532 0
62547 109
62550 162
62565 109
62568 181
62593 66
62603 280
62649 0
62657 79
62658 0
62668 183
62688 161
62697 41
62699 0
62708 13
62709 0
62726 31
62732 233
62756 256
62761 233
62776 159
62807 96
62815 0
62830 144
62846 52
62857 0
62865 260
62886 205
62917 286
62960 236
62961 0
62970 245
62992 265
63013 0
63014 282
63035 0
63037 254
63055 0
63062 56
63068 69
63083 56
63088 59
63093 190
63121 101
63124 180
63140 0
63145 28
63173 189
63193 28
63195 20
63197 132
63204 0
63209 57
63217 149
63246 272
63268 86
63274 34
63282 31
63307 112
63316 72
63320 83
63347 219
63373 257
63376 182
63386 0
63402 50
63415 0
63418 90
63432 0
63435 289
63456 238
63459 234
63481 60
63502 8
63505 122
63511 249
63548 217
63551 296
63600 293
63608 263
63614 214
63631 155
63642 0
63650 175
63681 152
63691 95
63698 180
63734 181
63745 245
63754 264
63765 245
63780 228
63793 0
63795 186
63805 0
63824 132
63830 286
63837 132
63840 283
63864 132
63872 92
63888 106
63922 157
63936 0
63939 278
63951 0
63956 230
64005 0
64015 101
64020 0
64037 145
64057 186
64086 145
64104 241
64127 141
64136 274
64163 295
64194 270
64229 44
64243 139
64267 23
64297 208
64311 288
64317 208
64333 61
64349 198
64374 189
64380 240
64408 254
64417 164
64440 0
64446 212
64465 281
64474 212
64489 14
64493 0
64506 79
64517 0
64531 291
64561 219
64575 220
64608 226
64636 271
64655 0
64657 113
64660 247
64700 128
64714 242
64731 278
64740 300
64741 278
64771 91
64775 82
64781 288
64785 82
64803 99
64820 233
64837 22
64844 198
64876 185
64882 265
64890 185
64905 102
64908 197
64932 145
64933 0
64951 8
64975 0
64978 107
65004 0
65005 286
65052 150
65062 192
65075 150
65077 0
65092 130
65117 214
65124 258
65130 259
65146 268
65189 105
65207 117
65218 238
65226 283
65243 238
65252 0
65255 262
65278 0
65285 149
65289 194
65320 149
65323 0
65333 46
65362 162
65384 197
65400 290
65446 285
65457 107
65469 294
65507 197
65510 218
65525 197
65532 22
65543 0
65553 91
65577 175
65595 279
65639 261
65640 231
65673 61
65692 241
65719 299
65747 0
65762 46
65764 90
65786 65
65789 93
65795 65
65807 46
65810 0
65819 167
65853 142
65897 86
65900 223
65902 86
65918 2
65938 88
65944 2
65952 183
65983 280
66016 269
66018 235
66026 53
66044 176
66046 290
66056 176
66085 71
66097 174
66098 71
66105 113
66130 155
66151 5
66166 182
66202 6
66209 293
66225 255
66253 87
66255 231
66288 62
66313 75
66353 4
66355 0
66364 287
66409 268
66413 61
66423 203
66459 88
66475 131
66490 86
66499 0
66502 184
66522 259
66568 0
66583 160
66599 0
66610 42
66621 254
66625 128
66648 207
66663 257
66686 256
66693 193
66700 224
66714 239
66725 224
66731 0
66738 95
66746 193
66765 195
66787 252
66797 272
66829 241
66834 137
66839 105
66841 73
66844 183
66880 37
66892 231
66905 6
66925 127
66943 288
66978 280
66980 0
66993 149
66994 0
67019 165
67042 247
67060 0
67074 210
67118 61
67121 128
67133 110
67149 240
67175 183
67183 298
67192 183
67208 81
67211 164
67234 281
67277 108
67281 208
67318 197
67325 0
67330 131
67355 158
67366 183
67379 291
67397 80
67421 104
67434 178
67465 64
67475 240
67477 64
67481 286
67507 275
67536 42
67546 0
67548 15
67570 142
67614 0
67624 153
67644 242
67668 153
67669 256
67689 75
67693 0
67697 89
67707 168
67708 186
67709 174
67721 299
67751 260
67774 110
67787 149
67801 110
67808 32
67815 72
67826 214
67840 265
67868 143
67870 160
67883 209
67914 128
67949 47
67955 0
67956 196
67970 0
67981 216
68027 62
68030 137
68035 62
68044 59
68058 116
68080 216
68094 116
68096 76
68110 0
68111 28
68114 0
68131 151
68150 200
68199 46
68206 241
68247 251
68258 278
68297 0
68309 230
68346 0
68359 287
68403 159
68406 164
68441 150
68447 7
68463 84
68471 7
68474 0
68475 42
68487 0
68495 36
68508 178
68516 36
68535 0
68538 32
68567 5
68571 0
68572 53
68583 68
68596 0
68604 106
68624 198
68637 89
68652 0
68654 34
68665 0
68666 201
68700 90
68702 82
68712 0
68725 17
68758 0
68774 197
68786 118
68798 272
68801 118
68804 36
68809 223
68823 249
68846 286
68886 0
68895 121
68909 149
68933 82
68943 0
68953 90
68977 131
68985 224
68996 278
69042 101
69048 294
69056 82
69063 67
69091 268
69093 60
69097 0
69118 46
69127 186
69134 208
69154 260
69175 284
69210 38
69213 0
69221 109
69235 0
69250 188
69256 107
69260 130
69279 253
69280 130
69281 107
69291 0
69299 182
69303 212
69311 255
69312 212
69313 182
69325 122
69335 142
69343 255
69368 0
69373 162
69389 199
69434 38
69437 269
69482 27
69484 101
69514 183
69544 184
69589 176
69592 58
69609 125
69616 280
69649 264
69686 0
69692 126
69700 261
69711 126
69720 0
69730 120
69734 0
69743 117
69745 0
69747 264
69762 175
69809 45
69829 124
69845 107
69876 0
69886 79
69901 72
69916 257
69929 72
69930 249
69954 123
69958 290
69996 206
70026 180
70031 230
70067 124
70096 200
70101 0
70126 128
70141 0
70147 217
70157 246
70186 206
70212 299
70234 274
70240 204
70258 76
70270 8
70274 75
70275 219
70286 75
70295 287
70316 207
70341 118
70354 172
70360 0
70369 89
70380 268
70387 0
70388 286
70406 283
70434 267
70463 76
70464 10
70473 0
70488 133
70504 253
70553 192
70575 0
70586 267
70611 84
70625 242
70665 100
70667 177
70672 100
70673 115
70698 226
70706 199
70718 115
70719 199
70754 0
70772 183
70773 191
70778 183
70784 193
70815 283
70839 245
70848 273
70862 245
70869 196
70879 182
70890 92
70893 285
70903 92
70910 0
70921 139
70922 0
70945 53
70968 230
70978 53
70982 251
70987 0
70998 177
71020 184
71025 219
71033 184
71051 0
71057 229
71077 122
71083 77
71088 42
71090 0
71094 47
71109 55
71125 133
71149 155
71168 144
71204 84
71217 269
71229 230
71230 237
71241 256
71265 248
71283 61
71290 188
71293 218
71299 263
71344 155
71359 233
71371 44
71372 153
71375 44
71378 88
71401 134
71437 0
71443 125
71445 78
71457 38
71467 135
71485 152
71525 73
71532 173
71543 295
71571 196
71578 253
71582 196
71589 265
71601 280
71624 141
71652 152
71671 201
71710 225
71733 0
71734 101
71741 0
71762 255
71774 0
71778 199
71804 209
71816 258
71826 209
71840 194
71859 0
71866 93
71891 6
71905 0
71906 250
71949 0
71952 154
71983 239
71990 134
71997 0
72001 298
72025 80
72028 177
72076 49
72080 194
72087 254
72122 123
72154 137
72183 0
72193 91
72220 40
72221 194
72226 40
72227 122
72228 40
72252 244
72269 200
72296 103
72313 0
72316 38
72322 0
72345 94
72359 221
72400 177
72411 275
72445 0
72446 112
72465 122
72485 0
72490 123
72505 116
72522 0
72523 37
72526 0
72530 253
72547 263
72568 38
72575 0
72588 156
72600 0
72614 171
72621 280
72624 171
72631 220
72650 190
72654 6
72662 0
72671 184
72679 0
72686 19
72694 0
72709 1
72710 0
72711 111
72714 0
72725 169
72739 271
72767 252
72784 0
72786 151
72799 64
72813 0
72814 64
72817 0
72839 137
72852 0
72862 207
72885 247
72909 288
72917 247
72929 166
72944 111
72948 98
72961 0
72962 53
72969 134
72987 53
72997 43
73020 227
73039 35
73041 0
73046 142
73065 0
73075 40
73079 0
73086 23
73108 0
73113 149
73124 204
73168 57
73174 19
73175 144
73194 238
73227 250
73249 283
73261 48
73263 281
73310 208
73317 193
73328 5
73333 263
73355 5
73356 0
73376 49
73382 103
73405 0
73406 147
73436 253
73470 291
73477 253
73478 215
73485 134
73496 190
73499 115
73503 0
73516 156
73520 0
73526 112
73543 226
73563 255
73576 226
73593 186
73608 0
73609 14
73625 205
73651 277
73677 285
73705 300
73755 221
73760 110
73764 0
73765 166
73778 179
73796 0
73803 121
73819 39
73828 207
73852 0
73862 109
73872 207
73907 259
73956 89
73967 289
74006 292
74028 0
74029 157
74049 0
74056 11
74059 0
74085 229
74098 283
74118 229
74132 278
74141 0
74153 228
74196 109
74217 200
74234 124
74246 0
74258 157
74277 0
74285 32
74289 0
74291 48
74296 198
74337 142
74347 182
74365 0
74367 292
74381 0
74387 202
74394 0
74416 125
74421 76
74435 0
74446 174
74469 62
74474 295
74478 41
74486 231
74519 255
74528 86
74533 0
74541 157
74542 0
74547 183
74573 80
74576 254
74604 0
74614 107
74638 174
74644 255
74674 98
74684 152
74691 175
74738 252
74765 174
74787 262
74812 170
74836 0
74851 120
74863 0
74868 177
74906 22
74911 0
74913 280
74934 204
74955 118
74962 134
74984 118
74996 64
75005 205
75016 64
75017 265
75047 17
75055 184
75073 17
75085 229
75128 257
75132 0
75142 51
75146 87
75165 243
75186 87
75187 138
75189 181
75216 278
75261 23
75263 0
75274 256
75285 0
75301 89
75302 0
75309 189
75338 33
75340 225
75342 277
75352 225
75388 59
75392 161
75399 6
75407 297
75430 0
75436 155
75452 0
75461 234
75487 0
75489 280
75537 120
75543 95
75555 283
75564 95
75565 0
75572 87
75576 0
75581 147
75583 291
75614 147
75618 0
75622 107
75629 0
75644 90
75646 182
75660 270
75693 173
75715 74
75717 259
75766 171
75771 18
75774 285
75806 188
75818 237
75849 141
75863 173
75868 193
75890 259
75933 150
75935 218
75947 249
75948 0
75961 14
75991 39
75993 14
75997 0
76009 109
76021 115
76049 0
76051 18
76065 128
76079 0
76085 222
76100 293
76118 222
76122 104
76134 0
76144 259
76167 187
76185 210
76194 272
76218 296
76253 245
76270 283
76314 0
76321 182
76325 0
76349 58
76375 132
76378 193
76394 204
76398 193
76407 132
76413 169
76423 39
76429 259
76450 53
76474 61
76478 53
76482 0
76484 209
76521 76
76538 201
76552 76
76563 73
76599 15
76611 164
76626 154
76640 186
76660 256
76669 186
76683 0
76693 11
76720 0
76723 205
76752 93
76759 184
76769 154
76782 274
76812 293
76836 146
76839 291
76857 265
76865 129
76870 212
76885 84
76887 39
76890 143
76896 39
76920 22
76930 169
76937 22
76940 0
76952 176
76953 0
76968 33
76988 281
77008 285
77031 0
77033 134
77061 256
77105 243
77106 262
77150 103
77164 63
77175 295
77217 235
77237 145
77244 0
77254 223
77281 141
77297 0
77299 104
77309 0
77316 77
77328 0
77337 60
77342 0
77354 261
77382 90
77389 118
77403 90
77405 0
77411 231
77460 174
77486 149
77498 0
77500 150
77538 10
77546 40
77551 288
77582 98
77583 176
77628 148
77640 0
77656 161
77657 220
77662 161
77682 0
77684 170
77704 195
77706 197
77722 195
77726 266
77765 209
77795 106
77796 148
77809 297
77855 117
77873 89
77884 251
77892 89
77913 283
77920 0
77922 16
77923 71
77928 16
77951 71
77962 245
77964 71
77987 191
78017 88
78020 61
78043 0
78048 83
78067 293
78114 212
78125 252
78134 212
78137 268
78169 170
78170 300
78217 267
78251 209
78266 172
78273 0
78282 287
78313 53
78328 273
78331 282
78353 62
78357 0
78364 64
78381 149
78393 64
78402 0
78405 84
78430 93
78442 239
78455 93
78457 0
78471 42
78472 0
78497 243
78547 102
78586 78
78596 86
78620 63
78637 268
78646 140
78650 233
78662 140
78668 183
78690 129
78694 288
78734 206
78735 251
78767 0
78778 245
78803 178
78818 117
78859 39
78864 202
78889 210
78916 251
78925 210
78936 110
78950 219
78967 110
78970 44
78973 76
78984 143
78988 202
78991 278
79039 0
79040 66
79041 194
79047 260
79059 200
79072 253
79106 292
79122 119
79124 0
79130 292
79158 156
79187 108
79192 125
79194 229
79212 246
79256 87
79257 210
79258 87
79261 0
79269 121
79271 0
79280 225
79293 0
79306 297
79345 183
79352 0
79353 104
79375 263
79418 36
79424 215
79442 221
79467 265
79471 221
79490 18
79491 0
79495 33
79502 0
79504 120
79511 237
79544 143
79565 139
79573 208
79580 139
79583 0
79589 67
79599 0
79604 148
79605 152
79608 244
79609 152
79611 148
79622 271
79640 148
79651 63
79654 188
79660 204
79664 287
79674 204
79677 261
79719 226
79732 193
79742 0
79746 229
79772 0
79774 169
79785 265
79788 169
79796 53
79805 265
79828 280
79845 196
79879 187
79886 151
79899 185
79903 295
79946 289
79957 248
79967 174
79985 0
79991 73
79995 215
79998 183
80040 221
80067 217
80087 214
80108 218
80141 204
80159 0
80162 215
80193 108
80216 107
80224 0
80228 137
80238 0
80240 45
80255 191
80290 171
80326 225
80336 79
80359 77
80373 131
80378 77
80396 187
80403 0
80426 49
80428 179
80446 0
80456 21
80487 52
80501 21
80504 4
80517 10
80536 123
80558 285
80588 132
80591 0
80594 290
80635 275
80642 197
80663 163
80678 0
80684 19
80713 163
80757 143
80779 101
80782 162
80797 0
80801 30
80807 212
80831 277
80857 268
80886 0
80888 117
80905 298
80934 178
80952 269
80973 65
80991 235
81019 127
81022 0
81036 38
81056 0
81063 111
81064 0
81073 240
81089 167
81104 264
81105 167
81125 30
81127 38
81133 168
81168 73
81174 0
81179 266
81203 0
81206 268
81230 159
81243 0
81251 104
81270 116
81275 0
81293 265
81317 279
81346 243
81372 73
81373 2
81384 250
81398 2
81404 27
81430 184
81432 27
81445 97
81461 0
81470 230
81509 184
81510 195
81518 0
81531 197
81571 185
81593 105
81626 111
81631 49
81653 283
81688 0
81698 262
81723 0
81728 2
81737 0
81743 219
81769 240
81782 283
81823 213
81844 43
81861 0
81862 71
81871 0
81883 269
81898 0
81904 172
81932 192
81941 258
81944 192
81959 201
81981 296
82017 261
82034 161
82040 0
82055 250
82077 189
82109 178
82127 231
82150 234
82176 0
82180 230
82205 219
82215 173
82217 0
82227 203
82234 292
82253 203
82263 268
82286 288
82332 213
82335 175
82357 0
82361 260
82388 262
82399 0
82405 109
82412 115
82452 79
82454 0
82461 84
82473 0
82480 178
82487 0
82507 235
82529 57
82533 163
82558 74
82565 144
82567 74
82579 267
82603 0
82606 259
82648 155
82654 153
82663 0
82673 167
82721 160
82749 206
82794 147
82807 169
82825 147
82836 298
82866 101
82880 107
82895 101
82897 31
82908 79
82940 31
82948 82
82973 219
82980 94
82999 0
83007 287
83015 65
83018 0
83022 211
83032 243
83036 211
83051 287
83089 238
83097 274
83146 121
83151 232
83190 200
83207 6
83216 52
83231 142
83275 13
83279 159
83285 13
83306 248
83320 90
83335 177
83342 90
83356 65
83371 229
83409 298
83451 283
83471 179
83484 257
83495 194
83508 179
83519 60
83522 195
83525 298
83545 116
83550 279
83578 190
83580 38
83582 174
83597 0
83608 14
83638 206
83645 14
83650 0
83668 17
83670 53
83678 17
83691 109
83724 23
83733 222
83759 0
83762 177
83799 211
83812 0
83818 203
83828 0
83846 155
83855 287
83888 155
83891 0
83909 238
83913 263
83959 64
83966 222
83977 64
83987 102
84017 230
84042 239
84077 2
84079 87
84080 2
84085 189
84088 2
84090 0
84094 171
84129 3
84131 37
84139 292
84148 37
84158 0
84160 31
84182 276
84224 138
84247 173
84281 30
84294 191
84315 0
84326 165
84343 221
84379 50
84393 258
84396 50
84405 132
84409 50
84417 49
84423 229
84445 297
84494 80
84515 261
84536 0
84541 296
84586 43
84589 92
84596 0
84606 206
84644 0
84652 211
84655 0
84668 15
84672 166
84691 264
84701 166
84708 261
84738 280
84750 0
84767 139
84793 0
84795 275
84799 292
84806 0
84815 231
84838 45
84840 62
84841 45
84847 205
84854 259
84878 284
84903 101
84909 0
84917 127
84938 154
84954 0
84968 89
85000 153
85016 89
85018 30
85020 27
85035 284
85077 261
85082 297
85098 260
85106 298
85114 125
85131 170
85145 221
85152 260
85172 221
85174 263
85205 166
85216 64
85237 297
85247 0
85254 170
85276 141
85289 90
85290 126
85305 210
85310 126
85312 0
85331 220
85354 50
85361 24
85362 153
85384 0
85386 26
85391 132
85392 26
85417 123
85430 36
85432 94
85440 36
85449 0
85461 235
85474 0
85478 73
85495 0
85499 206
85514 40
85533 121
85541 210
85549 121
85550 0
85556 276
85582 148
85586 31
85608 0
85609 55
85618 116
85648 222
85662 0
85676 272
85698 212
85727 290
85749 173
85750 254
85754 173
85771 246
85786 251
85801 268
85828 251
85836 0
85838 290
85839 0
85864 63
85882 272
85914 0
85926 193
85968 208
86007 207
86028 169
86051 105
86056 290
86084 41
86101 273
86104 41
86120 0
86125 216
86129 0
86149 127
86171 214
86176 166
86180 127
86186 92
86203 0
86204 234
86226 176
86229 210
86253 264
86284 223
86291 274
86308 218
86349 182
86365 261
86381 278
86430 209
86457 139
86468 138
86470 298
86506 68
86530 273
86536 68
86538 0
86558 162
86573 133
86576 0
86596 15
86600 156
86633 260
86639 15
86640 0
86654 259
86698 153
86716 13
86721 229
86755 279
86804 0
86813 40
86826 260
86829 288
86847 40
86853 0
86855 1
86865 0
86885 153
86893 0
86895 234
86904 174
86908 34
86922 188
86947 41
86978 16
86983 162
86998 16
87002 267
87020 216
87051 146
87056 158
87093 146
87096 124
87101 299
87135 112
87175 89
87188 181
87192 250
87232 79
87237 170
87274 165
87294 192
87316 189
87317 291
87353 70
87370 149
87371 70
87375 176
87414 170
87442 67
87443 241
87474 165
87481 210
87485 165
87493 0
87494 199
87509 213
87527 199
87543 131
87544 137
87581 193
87593 246
87627 120
87647 210
87650 276
87676 0
87677 175
87678 0
87706 276
87715 0
87720 120
87754 98
87777 0
87781 215
87805 0
87811 179
87835 174
87845 244
87891 237
87909 235
87945 161
87971 11
87979 142
88003 11
88005 0
88009 197
88015 0
88035 115
88067 30
88078 252
88116 73
88126 282
88130 73
88131 0
88137 218
88174 0
88184 221
88208 228
88220 0
88235 191
88241 0
88247 147
88256 209
88280 5
88288 0
88306 244
88353 60
88365 13
88391 140
88421 225
88428 140
88430 38
88436 0
88451 16
88464 0
88466 180
88490 284
88492 180
88496 0
88500 177
88509 28
88511 0
88513 286
88553 21
88555 29
88573 264
88609 15
88613 173
88621 15
88637 228
88679 20
88684 0
88692 89
88714 85
88721 0
88724 253
88764 131
88783 196
88794 232
88816 0
88821 34
88833 0
88850 19
88859 0
88869 59
88873 0
88894 42
88897 0
88917 258
88941 261
88954 291
88983 295
89030 278
89059 146
89068 0
89073 183
89083 0
89098 225
89133 136
89143 0
89151 102
89181 58
89184 54
89190 202
89227 48
89233 183
89256 51
89274 118
89285 51
89290 0
89296 3
89321 87
89328 3
89345 257
89346 0
89372 73
89377 0
89379 156
89404 0
89407 8
89410 266
89438 270
89446 289
89488 223
89502 240
89507 223
89510 56
89521 0
89535 25
89564 227
89614 128
89625 192
89645 300
89675 110
89680 127
89686 231
89703 0
89705 185
89713 0
89727 232
89750 0
89753 49
89767 151
89799 100
89817 129
89846 287
89866 217
89879 0
89894 251
89920 72
89960 94
89998 145
90006 173
90011 145
90028 224
90062 151
90079 131
90105 0
90107 5
90125 10
90127 5
90134 0
90147 191
90148 0
90153 128
90162 182
90171 237
90218 170
90225 147
90235 280
90245 0
90260 133
90270 0
90285 102
90303 191
90332 289
90361 110
90380 109
90381 0
90398 228
90424 268
90440 274
90456 17
90487 22
90492 27
90497 114
90524 81
90546 216
90575 149
90592 0
90607 98
90630 169
90669 111
90685 0
90694 98
90696 0
90723 157
90728 0
90747 261
90762 289
90763 261
90790 175
90811 84
90813 0
90818 139
90819 249
90837 139
90849 275
90861 139
90863 0
90868 257
90887 51
90891 57
90902 113
90919 57
90921 6
90923 0
90937 264
90957 131
90971 0
90972 58
90992 149
91009 78
91031 157
91066 35
91070 0
91076 69
91088 0
91098 65
91120 142
91156 64
91170 111
91200 179
91212 244
91260 221
91293 0
91310 184
91324 158
91331 280
91333 158
91341 0
91350 131
91352 0
91371 208
91377 271
91407 62
91408 211
91422 248
91429 211
91446 176
91456 151
91474 126
91476 0
91496 256
91509 0
91512 146
91553 118
91575 252
91579 288
91604 249
91622 182
91623 0
91632 266
91651 0
91652 263
91672 28
91682 290
91700 115
91717 291
91729 115
91736 286
91777 243
91794 201
91817 263
91843 116
91853 263
91873 116
91882 186
91912 0
91914 241
91917 297
91933 0
91947 211
91974 0
91981 30
91996 197
92027 106
92038 0
92049 239
92050 0
92074 22
92080 221
92117 293
92123 221
92124 0
92143 212
92179 300
92207 221
92227 192
92235 40
92238 272
92254 40
92261 0
92266 107
92284 157
92322 133
92328 44
92342 180
92365 277
92366 180
92367 0
92391 236
92396 276
92420 236
92421 72
92455 157
92459 72
92461 186
92486 0
92490 165
92494 172
92517 197
92531 141
92543 0
92556 198
92581 292
92626 285
92627 183
92648 182
92653 0
92665 37
92680 176
92681 260
92707 176
92708 82
92714 272
92744 141
92752 172
92779 231
92786 172
92793 192
92799 47
92804 0
92807 46
92816 268
92851 46
92852 248
92862 61
92865 46
92871 220
92897 102
92909 241
92913 102
92925 0
92927 243
92957 0
92970 177
92991 0
92996 92
92999 0
93015 19
93024 0
93026 83
93035 0
93056 282
93081 37
93086 0
93090 42
93115 0
93119 96
93141 210
93173 227
93184 264
93196 0
93206 120
93240 36
93245 142
93251 203
93282 34
93300 162
93310 34
93313 0
93316 16
93324 47
93325 279
93334 47
93350 0
93351 187
93370 199
93381 187
93387 0
93391 150
93440 0
93446 274
93473 0
93475 214
93492 0
93505 286
93509 266
93546 274
93577 40
93578 157
93625 70
93640 0
93646 258
93688 27
93690 169
93718 137
93726 270
93730 137
93733 126
93747 130
93748 126
93771 19
93789 45
93812 260
93828 225
93843 40
93856 0
93863 24
93890 23
93904 0
93916 134
93928 289
93941 75
93942 216
93949 75
93950 133
93954 75
93957 218
94005 198
94015 43
94018 227
94029 286
94053 0
94059 230
94109 211
94139 61
94144 109
94156 61
94169 38
94196 148
94197 38
94210 0
94212 141
94218 227
94229 141
94256 94
94257 37
94268 242
94296 122
94300 180
94311 187
94325 122
94336 104
94358 25
94364 62
94374 218
94386 62
94400 164
94437 174
94459 296
94489 80
94493 0
94498 220
94509 174
94525 155
94529 166
94530 155
94534 163
94564 189
94569 163
94583 0
94588 26
94595 0
94603 239
94644 136
94653 209
94684 0
94703 101
94712 288
94720 0
94722 39
94735 219
94740 39
94748 113
94755 141
94798 175
94807 229
94834 175
94840 66
94855 69
94862 261
94904 72
94936 27
94937 171
94961 212
94967 171
94982 40
95005 0
95008 137
95029 142
95044 284
95061 142
95063 129
95069 0
95070 62
95091 92
95096 284
95101 92
95120 114
95139 254
95158 0
95166 167
95174 0
95187 228
95205 52
95212 288
95224 0
95241 168
95273 61
95276 52
95282 0
95283 165
95328 0
95337 290
95367 174
95398 0
95403 249
95418 0
95429 198
95465 12
95472 206
95486 268
95527 41
95536 14
95546 283
95559 197
95574 14
95578 73
95580 14
95581 0
95587 45
95589 122
95617 142
95645 179
95679 61
95684 218
95711 283
95731 293
95772 75
95773 0
95774 34
95790 183
95809 191
95820 183
95839 108
95840 143
95854 249
95868 143
95875 108
95879 64
95886 269
95897 64
95908 202
95914 300
95918 202
95927 24
95944 187
95949 24
95956 79
95989 264
96032 19
96037 124
96048 19
96054 0
96056 30
96060 208
96062 64
96072 66
96097 30
96101 189
96124 192
96139 205
96159 247
96190 266
96233 0
96234 133
96238 0
96245 190
96282 137
96284 196
96304 137
96310 149
96317 186
96336 300
96360 243
96399 115
96406 0
96417 40
96418 208
96425 295
96428 208
96448 40
96449 166
96450 201
96469 166
96470 0
96472 65
96479 0
96491 51
96518 0
96521 1
96540 198
96547 1
96557 0
96558 70
96563 159
96565 231
96574 159
96577 70
96585 0
96589 29
96601 13
96602 197
96636 170
96646 95
96650 226
96654 95
96670 217
96684 95
96691 0
96699 97
96709 0
96720 100
96738 291
96747 100
96749 0
96762 64
96764 247
96768 291
96818 30
96820 27
96840 52
96850 0
96870 151
96913 116
96931 140
96937 189
96968 267
96988 0
96991 52
97024 295
97050 222
97056 37
97058 32
97063 0
97070 253
97081 0
97097 277
97101 286
97127 277
97137 3
97156 104
97169 0
97179 275
97197 0
97208 270
97221 283
97228 0
97239 50
97255 125
97272 184
97286 258
97291 0
97300 208
97339 74
97368 100
97389 168
97399 100
97404 215
97431 289
97438 215
97439 0
97453 236
97489 128
97494 244
97512 129
97520 298
97529 129
97532 11
97542 0
97545 121
97588 53
97612 142
97633 11
97634 123
97651 241
97671 123
97675 239
97697 297
97716 152
97724 232
97743 268
97753 270
97765 268
97779 197
97786 14
97797 9
97800 14
97826 105
97867 66
97868 0
97880 65
97895 286
97907 299
97912 286
97943 0
97948 258
97994 300
98041 84
98044 0
98047 18
98048 25
98052 52
98055 196
98068 228
98075 79
98084 214
98110 277
98146 199
98147 153
98169 0
98173 111
98184 130
98188 246
98194 130
98197 111
98205 249
98224 0
98232 133
98246 196
98294 101
98301 279
98340 88
98342 171
98350 88
98364 189
98370 88
98376 0
98392 124
98432 121
98436 161
98452 244
98476 9
98479 0
98494 125
98533 146
98571 119
98604 35
98608 160
98635 189
98657 267
98689 257
98727 240
98743 226
98778 51
98785 0
98790 23
98798 29
98802 249
98819 27
98825 161
98841 202
98847 0
98866 260
98889 151
98911 68
98913 0
98924 81
98950 161
98961 0
98963 211
98988 184
99001 245
99022 150
99070 105
99082 157
99085 105
99090 96
99104 218
99127 0
99128 201
99166 0
99179 199
99185 0
99193 246
99220 0
99224 153
99259 213
99290 223
99315 0
99320 180
99337 287
99374 282
99411 280
99415 238
99434 0
99435 225
99469 220
99510 0
99511 145
99512 258
99529 0
99532 81
99536 118
99566 173
99614 197
99631 221
99674 187
99700 74
99705 151
99713 74
99731 0
99733 254
99757 229
99758 246
99772 229
99798 0
99799 41
99800 89
99817 169
99823 89
99833 0
99843 262
99850 0
99852 24
99859 277
99909 0
99911 136
99916 277
99918 286
99940 277
99947 0
99952 229
99968 23
99984 161
100005 23
100011 34
100022 0
100033 144
100056 0
100060 11
100079 118
100091 176
100093 257
100103 299
100110 280
100149 149
100164 256
100198 183
100202 241
100239 18
100248 84
100250 149
100260 243
100264 255
100294 149
100299 76
100310 84
100331 0
100339 297
100388 118
100392 45
100405 25
100424 172
100449 225
100472 172
100474 0
100477 7
100499 198
100525 299
100527 257
100576 154
100606 39
100614 125
100637 0
100649 190
100661 288
100707 160
100709 0
100716 34
100723 211
100737 296
100738 211
100762 182
100785 0
100795 280
100812 36
100822 0
100831 93
100859 15
100863 0
100885 136
100911 142
100947 35
100957 65
100980 0
100987 69
100992 247
101025 217
101029 171
101033 228
101077 161
101086 231
101116 210
101131 186
101140 210
101168 131
101172 291
101221 236
101229 140
101248 282
101251 140
101268 178
101310 141
101311 234
101313 0
101336 59
101364 233
101374 268
101415 235
101436 170
101437 0
101450 13
101462 0
101478 220
101504 63
101528 243
101547 0
101556 104
101562 229
101573 0
101580 189
101595 0
101604 195
101628 268
101633 0
101651 269
101687 279
101695 290
101721 279
101727 111
101739 184
101747 274
101793 89
101802 232
101807 89
101826 234
101859 3
101867 170
101870 288
101884 170
101908 106
101926 171
101938 106
101939 0
101940 282
101974 187
102014 68
102049 29
102059 30
102070 29
102073 129
102087 131
102116 148
102162 213
102210 108
102215 0
102217 272
102228 0
102245 38
102259 0
102270 28
102288 0
102299 196
102314 0
102320 96
102332 0
102333 142
102337 245
102372 193
102378 0
102389 73
102410 125
102445 0
102450 60
102467 256
102496 0
102501 146
102520 0
102524 121
102546 0
102548 12
102553 181
102564 0
102576 288
102608 242
102635 65
102644 145
102653 126
102655 207
102667 126
102688 115
102690 191
102725 39
102733 94
102759 46
102775 125
102791 46
102801 226
102814 0
102828 260
102838 0
102850 238
102895 28
102910 152
102926 8
102931 54
102933 70
102949 153
102971 0
102973 273
103012 94
103029 210
103043 190
103047 238
103085 237
103102 117
103107 0
103120 14
103139 122
103149 149
103157 286
103194 190
103205 268
103206 190
103212 12
103217 0
103221 56
103246 160
103247 171
103273 11
103276 131
103285 242
103312 153
103338 279
103346 238
103354 266
103387 1
103400 300
103410 0
103428 143
103433 0
103437 194
103482 114
103486 0
103488 257
103522 155
103531 0
103542 229
103547 235
103555 260
103557 235
103593 101
103611 146
103634 286
103641 146
103650 0
103655 109
103669 271
103699 253
103722 1
103736 171
103745 83
103774 200
103777 248
103818 200
103823 191
103836 195
103851 191
103856 0
103864 97
103886 266
103925 174
103926 284
103946 65
103949 24
103954 72
103956 183
103972 72
103973 174
103976 192
104017 121
104018 235
104035 121
104036 228
104050 291
104066 224
104101 144
104128 230
104166 158
104171 130
104182 0
104189 10
104197 294
104223 4
104238 30
104241 110
104256 0
104263 230
104278 0
104287 12
104307 81
104324 225
104347 269
104390 237
104392 283
104417 281
104431 62
104432 94
104458 89
104462 194
104468 244
104503 171
104508 252
104538 68
104540 98
104547 22
104551 0
104563 296
104605 171
104612 244
104613 171
104624 0
104636 73
104638 255
104684 182
104692 178
104697 0
104709 84
104724 0
104738 188
104750 215
104800 171
104803 197
104833 123
104848 300
104852 123
104853 116
104864 0
104878 132
104883 0
104893 53
104894 230
104934 287
104937 230
104943 0
104944 261
104953 0
104954 50
104960 0
104970 264
104981 0
104995 65
105017 209
105056 182
105057 65
105088 42
105104 142
105123 148
105130 130
105150 0
105154 246
105170 258
105203 171
105214 42
105218 0
105228 178
105248 97
105266 100
105293 276
105310 0
105314 200
105334 268
105369 79
105371 295
105384 79
105391 232
105425 11
105435 128
105444 23
105446 242
105470 103
105476 240
105488 264
105490 300
105522 199
105527 295
105540 199
105546 150
105549 0
105574 286
105595 186
105629 42
105630 0
105638 6
105645 0
105665 192
105674 0
105676 75
105677 0
105695 286
105728 26
105734 176
105735 265
105750 231
105760 176
105765 0
105769 70
105806 0
105812 143
105823 0
105839 30
105857 37
105879 165
105881 253
105924 270
105938 0
105954 179
105965 274
105970 128
105974 226
106009 0
106012 288
106018 0
106027 50
106031 88
106055 232
106081 0
106083 107
106109 0
106110 143
106116 167
106118 241
106149 168
106173 270
106188 20
106203 286
106209 0
106212 57
106215 0
106236 212
106247 7
106248 0
106250 234
106274 210
106296 282
106320 247
106330 0
106342 87
106356 151
106361 0
106371 234
106407 136
106422 0
106424 27
106468 0
106479 299
106499 214
106505 12
106512 0
106527 94
106546 0
106550 254
106578 159
106590 264
106626 0
106639 20
106660 111
106671 273
106716 0
106735 221
106756 292
106762 221
106784 132
106810 139
106859 22
106876 240
106885 22
106890 0
106894 38
106913 0
106922 106
106925 0
106928 60
106934 291
106937 60
106948 236
106988 227
106996 144
107025 108
107035 7
107041 298
107089 106
107093 239
107138 154
107144 268
107151 154
107156 201
107179 0
107181 283
107202 0
107203 59
107215 101
107216 59
107218 152
107226 59
107239 118
107255 0
107263 14
107271 110
107275 0
107285 188
107298 90
107300 198
107305 245
107322 241
107324 198
107336 0
107339 168
107350 273
107384 0
107385 165
107389 181
107402 64
107416 89
107419 64
107421 187
107449 0
107450 258
107480 187
107501 0
107506 153
107525 224
107527 153
107534 0
107537 51
107547 294
107578 0
107584 44
107623 22
107624 148
107653 237
107691 168
107694 20
107699 0
107705 154
107715 278
107719 154
107736 202
107746 0
107757 203
107794 164
107807 0
107818 23
107841 173
107843 212
107844 173
107868 267
107881 173
107886 0
107893 285
107907 0
107913 107
107924 133
107938 148
107956 124
107980 0
107983 291
108015 125
108017 158
108034 171
108046 158
108047 216
108083 9
108090 223
108108 0
108111 264
108123 265
108129 264
108151 139
108152 0
108175 121
108191 0
108193 247
108213 0
108216 6
108233 273
108274 48
108278 287
108286 48
108302 239
108308 48
108309 0
108327 282
108364 65
108366 150
108391 0
108395 195
108399 205
108411 236
108425 0
108439 279
108442 0
108463 133
108484 299
108488 133
108501 115
108523 255
108568 298
108599 196
108607 176
108619 132
108633 283
108681 273
108723 110
108748 0
108759 280
108773 200
108780 0
108795 208
108797 0
108814 189
108834 0
108841 185
108850 233
108889 41
108895 250
108945 164
108962 134
108966 209
109006 157
109007 272
109011 196
109013 157
109017 0
109024 195
109030 289
109063 103
109074 268
109079 0
109084 148
109124 44
109132 137
109139 197
109160 206
109183 0
109185 296
109219 186
109250 0
109261 186
109277 238
109285 186
109299 0
109304 69
109306 159
109309 246
109311 159
109324 168
109346 170
109362 179
109366 170
109373 0
109374 40
109384 0
109403 43
109412 0
109415 24
109442 166
109460 0
109465 253
109467 138
109473 160
109490 0
109499 288
109508 0
109521 149
109531 165
109553 225
109576 281
109599 159
109623 0
109627 226
109658 48
109667 67
109697 177
109704 209
109711 177
109717 264
109734 177
109744 199
109752 0
109766 106
109808 40
109826 25
109829 229
109842 25
109855 188
109857 251
109882 220
109911 211
109940 180
109946 0
109956 294
109976 0
109983 75
109990 122
110001 204
110008 299
110027 226
110033 72
110037 21
110054 250
110067 21
110071 0
110083 75
110095 103
110116 223
110127 262
110157 208
110163 274
110184 250
110195 104
110213 0
110219 49
110237 0
110247 76
110262 0
110265 34
110278 0
110284 142
110303 282
110332 166
110338 237
110353 0
110356 258
110368 0
110385 264
110395 275
110416 137
110433 215
110468 0
110475 215
110485 0
110495 172
110532 0
110538 177
110560 0
110562 222
110566 0
110578 242
110581 143
110584 169
110608 290
110625 0
110637 142
110642 0
110644 282
110646 0
110671 269
110703 243
110719 32
110729 71
110746 278
110783 282
110802 201
110813 252
110846 48
110847 95
110870 273
110876 95
110879 157
110888 158
110912 0
110921 89
110939 151
110948 89
110951 94
110968 89
110977 271
110990 39
111002 161
111013 244
111052 205
111059 77
111074 265
111101 174
111126 19
111147 46
111170 296
111182 46
111187 0
111198 286
111234 275
111243 292
111283 246
111304 108
111307 265
111344 276
111367 27
111377 185
111391 27
111399 190
111416 240
111459 0
111464 203
111490 269
111506 0
111513 210
111558 106
111560 200
111574 201
111584 262
111621 0
111627 154
111642 140
111655 270
111699 134
111727 262
111747 292
111795 271
111816 162
111818 168
111834 220
111835 271
111849 0
111850 121
111856 0
111879 44
111888 0
111901 234
111910 244
111931 234
111945 244
111957 202
111970 184
111975 282
111980 128
111983 0
111993 107
112043 8
112045 85
112054 243
112086 76
112095 202
112098 224
112101 202
112123 0
112128 254
112177 192
112199 283
112229 260
112242 31
112249 201
112250 31
112257 0
112272 106
112273 0
112299 157
112317 0
112327 174
112376 42
112379 0
112387 253
112409 0
112415 110
112435 161
112437 194
112440 223
112473 194
112477 0
112487 188
112500 283
112538 201
112557 245
112576 194
112578 0
112599 216
112649 105
112656 141
112664 83
112665 100
112668 247
112706 229
112717 180
112724 217
112728 180
112751 0
112752 277
112783 0
112790 65
112803 119
112824 296
112840 187
112846 0
112859 42
112881 212
112884 215
112904 294
112914 215
112934 0
112947 157
112963 0
112972 259
112976 0
112999 163
113014 0
113028 62
113031 287
113063 174
113067 62
113070 0
113079 58
113100 245
113124 214
113131 255
113179 261
113222 183
113244 271
113256 0
113267 174
113270 259
113287 174
113298 285
113320 8
113322 201
113370 27
113384 174
113393 176
113423 241
113426 251
113454 274
113462 55
113469 0
113482 292
113516 161
113534 97
113542 108
113550 270
113587 249
113590 266
113630 225
113633 135
113678 107
113685 281
113717 242
113741 147
113750 0
113761 102
113782 105
113784 0
113790 97
113793 162
113821 269
113870 211
113881 152
113882 229
113884 297
113906 229
113911 20
113918 0
113926 285
113955 291
114002 42
114005 143
114006 224
114035 298
114061 297
114066 0
114067 95
114073 0
114095 89
114112 80
114133 0
114135 14
114138 36
114140 276
114162 292
114182 165
114194 171
114213 157
114226 21
114233 72
114256 0
114262 145
114266 0
114272 16
114276 43
114295 114
114307 43
114322 121
114330 15
114349 133
114368 80
114380 240
114401 120
114418 0
114424 208
114445 294
114492 205
114509 177
114512 264
114530 0
114535 75
114542 94
114570 239
114617 93
114619 52
114627 0
114637 195
114664 196
114691 147
114700 157
114715 266
114718 299
114747 161
114763 194
114789 258
114818 299
114832 258
114837 241
114850 176
114882 168
114902 212
114904 0
114931 4
114955 298
114986 19
115001 89
115002 19
115024 107
115054 5
115058 83
115061 190
115085 212
115094 248
115143 0
115164 191
115205 175
115207 0
115222 228
115246 0
115250 8
115275 250
115308 88
115321 300
115360 0
115367 258
115370 276
115400 258
115407 245
115432 103
115438 250
115456 275
115472 253
115519 132
115546 262
115563 216
115568 0
115583 106
115585 0
115592 37
115594 180
115597 37
115618 0
115624 63
115635 0
115641 8
115654 0
115662 228
115671 238
115707 197
115713 14
115723 240
115728 145
115754 268
115778 282
115820 0
115840 229
115853 231
115862 0
115871 239
115886 289
115901 0
115913 46
115914 206
115947 115
115961 191
115971 273
116021 250
116027 0
116033 41
116036 60
116060 52
116069 41
116078 0
116084 193
116124 51
116140 282
116179 165
116205 38
116212 142
116221 207
116227 142
116236 163
116239 275
116267 0
116268 167
116278 274
116294 167
116301 0
116308 295
116338 294
116375 298
116392 0
116395 207
116398 0
116423 198
116462 188
116485 202
116511 8
116517 15
116545 0
116546 124
116548 0
116559 108
116560 200
116585 193
116595 206
116605 0
116625 65
116630 135
116642 157
116667 46
116673 0
116678 143
116684 0
116699 245
116711 0
116720 144
116733 0
116746 248
116764 270
116784 0
116788 252
116804 0
116806 62
116828 0
116836 31
116848 0
116860 85
116866 155
116912 235
116924 282
116960 235
116966 158
116984 160
116997 0
116998 128
117006 0
117016 135
117018 0
117021 250
117026 252
117075 184
117121 146
117140 181
117162 248
117174 289
117222 283
117232 0
117235 89
117266 236
117268 89
117278 0
117290 195
117324 85
117333 171
117341 85
117359 0
117386 192
117401 242
117405 276
117428 242
117432 213
117453 201
117456 0
117459 39
117489 184
117526 219
117572 102
117576 150
117587 0
117593 70
117624 7
117631 0
117632 216
117669 21
117701 33
117704 275
117748 0
117756 90
117769 247
117802 0
117804 254
117813 260
117858 255
117859 0
117871 210
117898 0
117901 179
117927 234
117972 48
117977 93
117979 159
117998 158
118009 93
118012 0
118022 42
118031 119
118034 42
118036 23
118047 84
118070 65
118071 265
118091 65
118099 0
118107 159
118129 146
118151 6
118164 0
118171 151
118188 0
118196 196
118206 255
118225 0
118230 128
118253 163
118260 128
118268 78
118277 76
118278 225
118314 263
118329 0
118344 115
118368 30
118383 273
118426 205
118458 2
118466 170
118494 134
118516 47
118522 0
118524 154
118553 179
118567 240
118604 29
118619 273
118640 0
118642 115
118656 116
118666 291
118670 116
118674 270
118700 45
118710 88
118716 228
118734 273
118738 232
118759 0
118766 189
118790 0
118796 155
118828 286
118839 232
118846 0
118855 81
118871 209
118878 233
118923 107
118925 161
118929 216
118932 161
118944 65
118946 185
118948 65
118955 0
118965 143
118980 0
118989 46
119001 243
119005 46
119009 0
119021 224
119062 266
119094 188
119130 118
119135 0
119138 277
119163 20
119166 145
119189 132
119216 53
119221 117
119258 40
119269 126
119288 206
119295 267
119307 206
119330 129
119338 65
119351 244
119391 288
119432 294
119436 185
119443 104
119451 27
119453 185
119473 198
119491 185
119498 27
119505 4
119521 75
119527 4
119541 0
119549 25
119570 290
119601 0
119607 233
119614 288
119627 233
119638 160
119648 251
119655 0
119657 52
119666 55
119682 52
119685 298
119697 90
119701 279
119706 0
119731 35
119733 0
119748 75
119751 0
119771 97
119792 30
119802 94
119810 245
119856 0
119862 205
119908 140
119909 150
119910 292
119959 0
119966 248
120006 147
120010 0
120019 77
120032 0
120043 194
120079 0
120088 180
120101 218
120149 111
120154 117
120191 12
120202 0
120206 260
120212 0
120222 52
120250 124
120253 142
120270 258
120272 142
120280 124
120281 168
120288 291
120317 249
120354 158
120357 295
120375 185
120381 0
120387 80
120405 258
120437 0
120441 285
120488 100
120489 197
120526 190
120533 0
120541 3
120550 278
120588 0
120596 2
120602 162
120604 2
120614 0
120620 50
120643 208
120686 200
120688 273
120717 286
120762 201
120777 218
120806 164
120814 239
120836 276
120871 129
120884 217
120895 300
120919 210
120926 0
120933 153
120942 61
120950 108
120951 281
120962 220
120970 241
121008 16
121009 15
121026 2
121028 0
121039 200
121055 288
121102 131
121136 54
121147 156
121166 63
121171 0
121175 137
121179 0
121203 222
121209 287
121252 53
121257 284
121305 3
121306 111
121333 0
121334 95
121342 0
121344 284
121359 0
121370 139
121390 237
121391 139
121408 35
121411 0
121427 279
121461 249
121463 201
121471 243
121511 5
121521 273
121522 5
121530 172
121551 120
121552 0
121556 44
121564 134
121584 0
121593 286
121618 0
121621 19
121635 263
121661 31
121669 224
121677 248
121716 193
121723 29
121727 0
121731 188
121735 227
121761 281
121775 227
121783 0
121790 25
121804 288
121833 0
121840 268
121881 287
121890 162
121901 135
121912 74
121934 26
121942 240
121945 26
121955 280
121962 26
121965 82
121969 26
121974 279
121998 0
122004 27
122008 219
122029 27
122035 243
122077 212
122097 140
122139 144
122144 265
122171 271
122187 134
122194 0
122203 62
122205 129
122218 199
122240 219
122290 69
122291 209
122308 105
122327 0
122331 95
122349 237
122398 0
122399 260
122424 0
122427 156
122433 257
122491 216
122499 98
122504 0
122506 24
122510 0
122514 228
122537 291
122585 120
122604 35
122613 142
122617 35
122632 0
122636 184
122686 156
122699 184
122723 186
122739 0
122754 221
122788 78
122803 44
122813 187
122831 226
122852 78
122853 160
122880 218
122892 0
122907 171
122927 130
122949 178
122952 130
122963 0
122965 60
122971 0
122980 119
122993 166
123003 119
123006 218
123026 225
123042 0
123050 86
123068 264
123097 127
123117 82
123138 34
123148 200
123169 0
123175 237
123194 275
123232 80
123253 0
123260 148
123271 264
123297 265
123305 44
123306 0
123321 245
123333 199
123364 43
123386 0
123390 219
123398 171
123413 0
123416 72
123438 142
123459 184
123464 273
123480 184
123497 92
123508 104
123527 51
123529 100
123547 0
123553 127
123567 0
123569 123
123573 189
123576 242
123587 189
123623 84
123631 122
123651 0
123658 6
123669 159
123697 163
123699 261
123710 163
123724 243
123726 268
123770 243
123772 131
123778 0
123786 103
123790 116
123801 103
123809 110
123820 292
123853 65
123854 226
123855 65
123856 146
123868 65
123870 0
123874 83
123891 0
123899 150
123907 210
123923 0
123937 93
123964 238
124008 179
124010 258
124020 179
124047 47
124048 78
124076 111
124095 0
124097 84
124121 0
124125 299
124144 0
124147 243
124162 0
124163 218
124176 0
124186 230
124224 111
124241 187
124276 11
124281 203
124292 11
124311 23
124326 0
124327 1
124341 167
124347 257
124366 167
124389 135
124397 124
124408 214
124430 285
124445 0
124450 154
124460 246
124492 46
124493 0
124499 11
124505 240
124555 206
124588 0
124604 173
124624 258
124674 241
124690 269
124711 85
124725 231
124742 0
124753 42
124765 179
124789 269
124826 219
124848 123
124852 153
124854 297
124884 229
124904 292
124906 229
124928 189
124953 296
124990 278
125012 82
125013 0
125031 247
125042 294
125078 247
125080 203
125097 0
125106 234
125111 0
125135 17
125155 0
125165 243
125205 193
125214 0
125218 272
125232 0
125235 11
125248 289
125272 0
125276 30
125290 255
125319 282
125345 252
125363 286
125367 252
125369 151
125379 284
125424 268
125461 272
125482 274
125495 239
125537 89
125547 171
125563 286
125569 171
125570 214
125576 273
125582 295
125608 0
125612 121
125648 71
125675 62
125679 72
125680 186
125688 72
125705 290
125752 0
125767 165
125768 208
125787 260
125801 293
125841 0
125845 54
125865 255
125899 278
125901 255
125908 183
125920 269
125941 34
125972 99
125994 231
126005 99
126013 219
126043 127
126053 62
126061 0
126066 93
126070 240
126073 93
126088 74
126119 244
126128 74
126136 36
126152 0
126157 134
126193 72
126196 285
126202 57
126208 79
126213 259
126218 284
126228 259
126253 124
126274 29
126292 94
126308 249
126324 0
126330 246
126356 291
126379 106
126388 294
126389 106
126405 0
126418 8
126429 39
126451 295
126478 161
126484 271
126519 229
126540 0
126543 279
126592 204
126600 192
126632 220
126657 281
126684 260
126721 11
126732 107
126753 241
126775 107
126781 95
126793 264
126832 41
126835 0
126848 179
126863 46
126880 272
126927 134
126945 27
126953 200
126976 27
126977 246
127009 102
127012 0
127014 13
127030 218
127035 12
127046 0
127047 282
127051 0
127072 24
127084 215
127097 176
127132 219
127147 274
127180 0
127191 181
127220 220
127239 0
127250 90
127251 119
127260 255
127268 119
127294 24
127309 52
127310 222
127333 261
127369 94
127377 185
127386 300
127400 0
127406 271
127431 0
127433 171
127440 0
127463 167
127480 142
127490 65
127507 132
127540 103
127548 292
127568 56
127585 63
127588 242
127600 153
127607 56
127616 0
127618 179
127624 0
127639 35
127645 270
127691 89
127700 97
127727 116
127732 97
127740 0
127753 129
127756 0
127758 151
127765 257
127774 151
127777 281
127778 0
127798 80
127822 239
127864 204
127878 0
127883 120
127888 0
127889 300
127899 37
127915 284
127953 212
127972 142
128000 0
128014 245
128048 192
128075 0
128078 82
128081 260
128102 82
128112 7
128116 275
128129 190
128132 279
128150 190
128152 0
128155 215
128172 0
128175 22
128185 237
128192 239
128220 281
128265 236
128275 117
128281 261
128286 117
128293 0
128304 276
128354 70
128358 6
128371 212
128389 0
128397 156
128405 242
128427 0
128435 250
128457 262
128506 196
128532 127
128538 42
128560 152
128566 299
128609 0
128610 201
128647 267
128697 126
128712 0
128713 79
128717 0
128733 24
128738 0
128752 75
128767 88
128772 75
128789 261
128835 133
128858 167
128879 40
128896 100
128909 40
128914 0
128916 287
128928 0
128935 94
128964 49
128971 176
128989 185
129031 74
129040 0
129044 82
129057 95
129067 140
129080 180
129119 80
129149 278
129167 181
129170 0
129187 220
129197 0
129202 147
129217 250
129254 135
129263 101
129272 0
129275 283
129322 54
129338 37
129364 234
129394 258
129428 102
129435 194
129443 102
129457 0
129460 76
129464 155
129470 231
129500 237
129516 83
129518 147
129547 243
129595 0
129597 164
129610 225
129652 234
129654 185
129669 228
129675 57
129686 0
129695 271
129711 0
129714 271
129729 0
129735 225
129760 247
129781 232
129806 19
129807 57
129813 0
129818 59
129838 0
129842 190
129867 22
129877 0
129882 49
129898 84
129942 49
129946 90
129967 140
129993 0
129996 91
130015 154
130032 291
130062 285
130066 208
130094 183
130097 233
130113 279
130115 297
130147 269
130193 183
130199 50
130212 49
130216 151
130240 145
130247 0
130258 34
130277 101
130298 0
130302 239
130303 298
130345 259
130365 33
130369 247
130395 244
130442 31
130444 173
130471 255
130483 173
130493 122
130499 136
130504 189
130519 216
130545 169
130553 232
130594 184
130604 290
130613 298
130641 231
130679 160
130687 185
130717 287
130725 178
130730 158
130746 29
130751 290
130800 192
130803 232
130819 0
130827 184
130850 275
130893 0
130894 252
130896 0
130900 272
130943 137
130946 0
130950 298
130995 168
130996 81
131004 78
131010 226
131056 259
131062 0
131069 32
131074 0
131097 270
131110 261
131128 285
131146 0
131148 192
131149 0
131170 210
131193 227
131227 203
131229 208
131278 0
131280 112
131296 229
131320 112
131326 82
131328 125
131366 1
131369 118
131372 178
131413 71
131424 68
131436 136
131441 160
131447 292
131484 287
131509 241
131513 69
131517 0
131530 169
131540 171
131554 294
131560 171
131590 110
131603 45
131610 0
131612 13
131622 0
131638 262
131652 287
131702 180
131705 0
131706 166
131721 0
131736 206
131758 266
131777 0
131781 235
131809 292
131811 235
131823 0
131828 232
131874 181
131885 29
131890 276
131891 29
131904 61
131926 204
131949 0
131954 161
131959 287
131997 262
132024 216
132030 44
132044 134
132067 128
132076 177
132083 297
132101 262
132122 0
132125 122
132147 249
132197 209
132206 196
132229 35
132231 0
132241 272
132277 209
132281 69
132285 149
132287 201
132312 131
132313 217
132328 131
132333 193
132359 256
132364 193
132371 73
132383 133
132430 162
132464 151
132477 0
132481 163
132501 172
132507 163
132523 138
132535 276
132545 138
132559 210
132579 49
132599 152
132608 158
132643 77
132666 25
132683 218
132732 208
132754 28
132764 186
132800 271
132814 138
132817 0
132825 297
132870 45
132896 185
132921 40
132929 0
132942 142
132949 0
132954 28
132969 0
132976 254
133026 180
133035 173
133036 179
133067 15
133084 270
133110 3
133127 0
133133 83
133156 184
133167 83
133181 9
133182 275
133202 106
133210 240
133242 289
133260 122
133275 0
133277 101
133279 169
133291 223
133297 169
133306 0
133309 283
133319 0
133331 146
133348 203
133360 78
133364 281
133368 78
133389 83
133399 105
133424 121
133432 294
133470 193
133472 296
133516 244
133544 234
133569 193
133573 207
133604 193
133606 283
133608 294
133611 283
133651 249
133670 284
133703 240
133728 186
133736 0
133738 128
133759 296
133799 259
133811 54
133821 225
133864 124
133866 132
133893 124
133910 0
133920 165
133942 112
133956 0
133958 133
134004 25
134010 90
134019 272
134040 114
134068 277
134111 185
134133 249
134166 141
134190 158
134206 269
134216 158
134221 0
134225 143
134226 162
134275 54
134278 286
134284 131
134292 0
134293 170
134321 276
134343 283
134346 276
134354 297
134366 0
134369 89
134375 0
134393 298
134437 39
134447 177
134461 188
134481 177
134491 162
134498 204
134518 255
134521 262
134533 204
134544 0
134548 140
134554 150
134567 72
134572 0
134593 2
134621 244
134633 273
134649 0
134650 99
134679 282
134687 99
134691 0
134702 28
134723 275
134738 0
134740 134
134741 226
134764 134
134775 292
134797 126
134823 24
134825 20
134826 242
134869 0
134872 12
134893 0
134898 86
134923 8
134932 102
134957 105
134960 162
134990 177
134992 162
135004 12
135024 0
135029 79
135057 256
135066 271
135070 256
135095 62
135103 281
135132 288
135167 255
135174 0
135188 136
135193 267
135238 117
135264 116
135269 0
135281 92
135306 277
135311 0
135321 216
135341 0
135349 40
135355 240
135383 245
135385 262
135407 245
135422 161
135437 207
135443 183
135458 65
135459 256
135470 0
135472 209
135498 0
135501 130
135515 0
135518 262
135550 205
135552 276
135569 205
135572 0
135574 239
135609 211
135622 173
135626 181
135646 122
135689 19
135694 0
135698 114
135714 300
135754 216
135760 204
135792 202
135837 123
135841 234
135850 123
135866 0
135867 109
135871 147
135874 164
135894 275
135940 179
135942 92
135948 0
135952 64
135968 0
135981 223
135987 0
135989 30
135994 151
136014 169
136016 151
136019 3
136022 99
136039 238
136072 288
136116 180
136142 175
136154 0
136165 79
136166 163
136196 106
136206 0
136210 85
136221 0
136227 71
136240 247
136289 233
136315 98
136323 193
136326 98
136331 100
136334 98
136340 0
136356 208
136391 45
136393 185
136405 277
136451 75
136481 25
136483 197
136528 259
136552 0
136557 276
136583 284
136602 243
136617 0
136619 66
136627 157
136653 179
136655 157
136667 0
136683 39
136701 134
136725 232
136757 188
136774 62
136785 235
136802 62
136809 122
136859 72
136868 244
136890 150
136901 115
136907 183
136913 115
136929 0
136932 1
136952 181
136978 278
137007 0
137008 187
137050 0
137064 211
137075 0
137080 86
137106 245
137133 289
137153 0
137154 1
137170 203
137178 246
137187 203
137192 1
137196 188
137206 0
137216 180
137247 91
137268 99
137273 200
137281 99
137301 0
137319 193
137327 0
137328 121
137342 269
137351 121
137363 0
137364 181
137403 206
137408 181
137413 170
137421 265
137422 170
137424 0
137427 167
137437 0
137442 81
137461 0
137464 293
137501 220
137506 197
137514 115
137519 232
137554 148
137557 98
137560 0
137561 240
137578 4
137584 215
137593 218
137634 143
137683 124
137699 76
137701 279
137702 76
137709 54
137718 0
137726 9
137729 0
137739 107
137761 0
137768 56
137772 0
137790 123
137796 0
137811 118
137816 163
137835 138
137844 199
137879 282
137905 128
137916 168
137921 128
137928 90
137945 230
137956 90
137966 115
137985 0
137991 258
138005 0
138009 192
138036 267
138083 109
138085 183
138086 237
138136 0
138146 211
138163 0
138170 59
138171 169
138200 59
138206 136
138216 1
138221 240
138222 1
138232 46
138235 1
138241 111
138261 163
138265 213
138304 0
138312 67
138323 271
138336 0
138337 56
138354 25
138362 149
138377 25
138388 0
138390 150
138399 107
138430 95
138436 73
138444 0
138447 82
138461 240
138473 102
138483 82
138484 60
138488 105
138515 170
138527 222
138528 170
138539 146
138543 170
138559 0
138562 164
138584 297
138605 164
138608 218
138620 233
138628 218
138635 0
138641 93
138674 220
138686 93
138691 0
138702 283
138744 184
138758 203
138779 281
138817 4
138818 0
138821 47
138842 273
138858 137
138881 235
138900 0
138910 59
138939 137
138948 79
138954 154
138978 186
139017 17
139030 0
139033 81
139059 0
139060 18
139081 0
139083 229
139130 0
139137 217
139156 218
139163 217
139176 0
139181 299
139231 255
139235 0
139239 33
139240 265
139282 245
139300 0
139301 253
139317 283
139326 253
139329 0
139333 204
139352 0
139363 252
139408 243
139424 289
139458 245
139463 47
139464 46
139474 32
139478 6
139497 61
139501 188
139536 145
139541 165
139560 83
139580 138
139582 172
139583 138
139627 179
139639 218
139647 179
139651 0
139667 202
139677 1
139699 161
139743 0
139750 254
139768 291
139796 264
139814 204
139834 0
139837 11
139838 268
139849 46
139850 11
139854 0
139873 91
139878 0
139892 49
139913 298
139936 0
139940 279
139973 105
139977 300
139990 105
139998 4
140004 139
140031 41
140042 95
140052 41
140053 0
140056 181
140068 0
140069 254
140095 0
140108 75
140123 0
140127 202
140135 245
140169 134
140191 0
140197 155
140238 0
140244 157
140261 0
140273 167
140285 0
140289 245
140304 278
140345 0
140346 48
140357 127
140386 295
140399 196
140419 52
140424 0
140440 236
140490 34
140491 49
140509 33
140514 0
140519 112
140523 216
140534 112
140535 239
140580 64
140583 102
140596 253
140619 102
140625 56
140626 246
140641 254
140673 55
140677 72
140684 187
140697 205
140713 256
140740 287
140753 285
140791 228
140801 134
140809 48
140812 0
140833 234
140844 0
140857 292
140880 0
140898 13
140911 0
140918 271
140920 79
140922 265
140929 79
140935 0
140937 146
140978 70
140996 281
141033 206
141071 127
141073 173
141096 174
141120 268
141143 196
141162 99
141172 0
141173 102
141174 0
141197 237
141237 159
141244 0
141250 112
141261 152
141300 140
141310 17
141326 108
141327 279
141338 108
141349 179
141395 112
141404 147
141407 215
141419 183
141447 33
141484 5
141494 65
141498 184
141500 207
141507 65
141517 0
141526 292
141529 0
141538 49
141548 84
141557 0
141573 109
141575 0
141602 291
141621 0
141625 67
141644 0
141645 91
141664 69
141668 279
141679 109
141689 156
141718 262
141734 299
141770 135
141786 99
141803 205
141812 99
141828 67
141839 65
141841 255
141863 0
141866 155
141892 230
141903 20
141908 0
141922 109
141928 0
141930 86
141962 88
141966 142
141980 53
141999 77
142019 3
142026 188
142030 3
142040 75
142050 82
142064 268
142090 264
142091 299
142099 300
142105 299
142133 211
142145 143
142160 202
142176 8
142202 74
142204 8
142211 214
142244 121
142247 268
142268 211
142280 0
142291 131
142301 0
142316 215
142320 289
142336 137
142339 0
142350 219
142351 0
142377 223
142383 143
142396 0
142397 216
142438 163
142448 269
142483 179
142498 207
142525 0
142527 108
142542 199
142567 0
142569 266
142575 0
142587 148
142588 204
142605 0
142612 63
142638 193
142656 35
142665 99
142691 0
142693 294
142711 0
142712 118
142723 0
142739 203
142766 218
142790 11
142809 89
142812 287
142815 89
142842 176
142919 171
142945 35
142955 286
142972 0
142973 6
143002 287
143022 6
143023 0
143032 5
143054 195
143078 0
143080 266
143096 288
143103 0
143117 64
143144 106
143168 134
143204 97
143228 286
143266 168
143267 269
143307 43
143315 174
143326 212
143376 49
143379 281
143406 160
143430 0
143441 179
143454 0
143461 207
143509 201
143544 233
143552 0
143574 125
143594 0
143595 76
143597 204
143623 283
143656 93
143658 267
143678 93
143680 243
143710 267
143734 8
143754 256
143781 120
143784 236
143805 226
143812 55
143834 33
143847 278
143874 287
143896 241
143924 224
143933 288
143964 72
143976 0
143981 112
144023 21
144027 0
144032 175
144038 141
144040 0
144048 84
144061 0
144077 177
144121 0
144124 205
144126 0
144148 49
144159 265
144190 160
144199 146
144203 242
144208 279
144220 242
144229 246
144262 263
144284 18
144294 0
144297 150
144302 193
144330 155
144332 150
144346 48
144359 14
144387 130
144416 218
144456 183
144464 0
144465 71
144467 205
144493 157
144500 269
144550 225
144563 156
144584 50
144597 17
144598 0
144604 1
144620 61
144626 160
144644 251
144686 142
144702 39
144709 68
144726 154
144758 127
144763 10
144769 181
144770 10
144782 81
144794 10
144795 198
144819 159
144836 188
144849 159
144868 55
144880 153
144903 199
144906 203
144932 99
144954 226
144982 279
145002 228
145007 287
145045 282
145055 289
145074 282
145080 0
145081 61
145088 264
145118 119
145125 174
145156 68
145178 67
145195 0
145198 129
145207 228
145227 0
145228 267
145236 132
145241 217
145247 246
145249 217
145290 121
145296 288
145334 117
145339 226
145366 184
145382 186
145384 298
145407 75
145424 153
145429 68
145437 0
145443 175
145456 0
145470 99
145475 0
145495 47
145498 0
145505 151
145548 295
145595 246
145597 159
145607 52
145614 0
145617 4
145625 0
145645 156
145659 0
145665 259
145683 299
145733 140
145738 254
145748 222
145781 207
145794 142
145804 0
145808 63
145812 0
145827 239
145831 0
145845 24
145858 237
145901 61
145910 233
145922 0
145934 63
145947 47
145948 0
145971 74
145988 155
146005 0
146008 219
146028 222
146041 262
146070 194
146074 292
146092 0
146093 216
146116 280
146135 0
146146 247
146162 296
146212 196
146228 140
146237 121
146242 155
146250 178
146269 121
146273 171
146298 0
146306 249
146315 262
146338 267
146374 103
146395 241
146397 103
146402 122
146426 258
146438 40
146448 0
146462 15
146466 0
146489 182
146510 88
146519 0
146521 209
146549 106
146554 267
146577 0
146582 38
146589 260
146598 0
146614 81
146617 134
146619 186
146650 206
146670 0
146671 198
146686 0
146700 42
146702 0
146725 203
146770 0
146771 10
146787 0
146793 109
146797 0
146819 278
146857 236
146870 248
146913 0
146915 276
146927 3
146933 0
146939 134
146942 0
146946 292
146954 0
146967 269
147014 78
147021 76
147034 45
147039 223
147074 167
147081 6
147082 139
147086 255
147129 263
147165 268
147204 105
147223 184
147232 260
147252 184
147271 181
147275 282
147286 181
147290 0
147296 182
147299 0
147300 115
147325 131
147346 0
147352 83
147369 0
147375 139
147381 210
147392 231
147409 139
147414 219
147419 95
147420 0
147430 223
147431 0
147457 240
147459 269
147474 300
147520 229
147524 166
147536 120
147546 0
147551 222
147567 0
147575 69
147603 145
147631 149
147658 297
147693 74
147695 80
147700 272
147726 80
147729 53
147737 247
147763 0
147765 154
147767 0
147790 7
147802 78
147817 216
147847 268
147873 58
147898 38
147902 0
147908 272
147929 0
147936 85
147946 297
147957 85
147968 0
147971 5
147977 0
147984 6
148002 68
148016 294
148033 68
148039 0
148045 275
148080 248
148124 253
148154 47
148176 104
148191 247
148196 271
148239 247
148261 156
148274 165
148284 156
148297 226
148319 0
148323 171
148338 267
148355 274
148370 0
148372 205
148415 60
148428 13
148444 128
148459 13
148461 64
148468 130
148497 26
148501 62
148502 147
148513 282
148536 52
148539 268
148584 0
148586 216
148625 215
148647 241
148654 215
148662 177
148664 202
148665 266
148701 73
148714 98
148722 154
148743 182
148775 0
148787 136
148811 212
148839 0
148841 102
148878 0
148882 144
148895 282
148937 91
148942 0